    0.656388    0.234971    0.248623   -0.324391    0.122968   -0.310582
    0.943971   -0.860457    0.731591    0.871845    0.785979    0.267227
    0.045604    0.198925    0.534212    0.272757   -0.042457    0.566090
   -0.317982   -0.502368   -0.153661    0.306771    0.348631   -0.841994
    0.037491    0.559045   -0.853432   -0.392888   -0.953107   -0.349001
   -0.610662    0.499170    0.042836   -0.706635    0.484006   -0.965615
   -0.937027    0.540662   -0.620980    0.374578    0.931042    0.854433
   -0.043880   -0.141222    0.412906    0.211901    0.898156    0.617355
    0.039379   -0.909509   -0.555785    0.844207    0.812700    0.864173
   -0.679303    0.718178   -0.040913   -0.150902   -0.272467   -0.479146
    0.003951   -0.825611   -0.035969   -0.137853   -0.423868    0.971286
    0.915235   -0.430548   -0.140866   -0.965221    0.772595   -0.288787
   -0.362100   -0.033331   -0.683508    0.916222   -0.820120    0.216309
   -0.297749   -0.508477    0.380205   -0.767194   -0.933507    0.554719
    0.515161   -0.129493    0.482067   -0.608364   -0.834152    0.064937
   -0.121689   -0.749361    0.388284   -0.804479    0.789875   -0.747278
    0.906491   -0.309223    0.475140    0.438417    0.588465   -0.930454
    0.963530   -0.844403    0.097901    0.514448   -0.297986   -0.615824
    0.414054   -0.817128    0.936151   -0.500945   -0.890862   -0.135361
   -0.123312    0.059353   -0.619053   -0.998305   -0.294069    0.961662
    0.380681    0.539759   -0.072117    0.895780    0.818294    0.887416
    0.399590    0.727551    0.804690   -0.132716    0.185565   -0.776872
    0.888941    0.076215    0.791915    0.896212   -0.447101    0.163555
   -0.055295    0.544617    0.309191    0.354043    0.470585   -0.852141
    0.602435   -0.759176   -0.642810    0.701832    0.646146   -0.402689
    0.822988   -0.753282    0.006982   -0.447177   -0.827144   -0.182101
   -0.169206    0.207074   -0.308124    0.344520    0.704519   -0.439898
   -0.783660    0.419007    0.060949    0.738012    0.178878   -0.778493
   -0.411397    0.208880    0.543764    0.184278   -0.976386   -0.002397
   -0.140869    0.949492    0.409832    0.523428    0.999162   -0.313274
    0.247233   -0.463802   -0.475392   -0.101285   -0.447083    0.860947
   -0.523801   -0.231945    0.286593   -0.305348    0.333411    0.463508
    0.848687    0.127158    0.981915    0.167963    0.179713    0.131753
    0.237647   -0.234022
