   -0.837139    0.756852   -0.596290   -0.014753    0.726484   -0.821932
   -0.326409    0.171844   -0.619780    0.117268    0.101615    0.526738
    0.852225   -0.903726    0.141393   -0.410137   -0.639537   -0.116944
   -0.248753   -0.216730   -0.602893    0.201078   -0.953350   -0.697272
    0.483538   -0.183617    0.834880    0.435754    0.371526   -0.780750
    0.092103   -0.024184    0.946835   -0.083038   -0.029090   -0.333346
    0.058317   -0.299594    0.164174   -0.110556    0.674918    0.023808
    0.209041   -0.053197    0.904878    0.257445    0.046020   -0.270901
    0.123872    0.759138    0.414740   -0.526210   -0.223087    0.212815
    0.569346   -0.731568    0.454140   -0.992434    0.753059    0.104806
    0.399193    0.529987    0.042699    0.833579   -0.049333    0.860588
    0.280448    0.800169    0.763267   -0.398025   -0.874726    0.100164
   -0.355591    0.566190   -0.716657    0.300777   -0.296712   -0.639678
   -0.815814    0.158432   -0.675830    0.699541   -0.680113   -0.967575
   -0.975872   -0.976514    0.321381    0.124190   -0.869354   -0.390003
   -0.018503   -0.985317   -0.036073    0.298324    0.391718    0.344985
    0.681083   -0.346783    0.501481   -0.644846    0.577045   -0.117739
   -0.431314    0.322309    0.258485    0.913597   -0.128208   -0.157105
   -0.980387    0.707774   -0.987204   -0.655573    0.106181    0.674451
    0.305474   -0.080602   -0.331822    0.764775    0.489916   -0.456004
   -0.578953    0.937321   -0.189287    0.349048    0.627907    0.344232
   -0.815725   -0.787479    0.750874   -0.068442    0.902509    0.742067
    0.471212    0.362829    0.653999    0.832275    0.944484    0.548977
    0.700044    0.170062   -0.781690    0.066670    0.496019   -0.515874
   -0.957292    0.104820    0.354841   -0.281744    0.017656    0.879217
    0.247517    0.489578    0.418139   -0.338622    0.857128   -0.228889
    0.350911    0.426221   -0.978755   -0.386890   -0.397002   -0.001125
    0.483365   -0.415671   -0.910316    0.156790   -0.751080    0.969811
    0.894631   -0.901733    0.783837   -0.948150    0.356349   -0.073510
    0.119305    0.606671   -0.936120   -0.528253   -0.988785    0.176757
    0.175087    0.412634    0.613870   -0.731967    0.235684   -0.034784
   -0.544219    0.913521    0.095664   -0.591289   -0.703136    0.121690
    0.322678   -0.615799   -0.345944    0.953935    0.880178   -0.203692
   -0.540761   -0.236500   -0.693551   -0.081486    0.632269   -0.628391
    0.551191   -0.987452   -0.142627   -0.733911   -0.312215    0.303070
    0.269902    0.330924    0.309652   -0.232327   -0.474054    0.308349
    0.886672   -0.821628    0.211732   -0.400005    0.157988    0.751263
   -0.659004    0.619315   -0.825501   -0.802219    0.082953    0.152669
   -0.951969    0.777561   -0.498257   -0.054799    0.061780    0.988306
   -0.309690    0.265656    0.981093   -0.114977    0.815313    0.637515
   -0.559208   -0.536926    0.628256   -0.942168    0.936988    0.272146
    0.053457    0.732239    0.720354   -0.242311   -0.276891    0.000304
   -0.954972    0.266488   -0.214966    0.824551   -0.568934    0.182297
    0.689307    0.413698   -0.881469   -0.066969    0.403226    0.529203
   -0.017950   -0.408929    0.085947   -0.857065    0.151447   -0.811717
   -0.467959    0.058966   -0.841107   -0.091223    0.993217   -0.199509
    0.082921   -0.335104    0.352654    0.348743   -0.003918   -0.400781
   -0.949530    0.163580    0.670948   -0.025866    0.936169    0.727399
    0.494045    0.982265   -0.771806   -0.700738   -0.811598   -0.898789
   -0.904731   -0.208734   -0.867355    0.826719   -0.537870    0.399288
    0.073678    0.858767   -0.621113   -0.808093    0.320641    0.913569
    0.758869    0.538875    0.821845   -0.341595   -0.696295   -0.270130
   -0.609830   -0.772185   -0.222681   -0.138563    0.515497    0.567267
    0.383230   -0.539408   -0.851406    0.258684   -0.267957   -0.301516
   -0.182356    0.946443   -0.463611    0.818456   -0.146112   -0.078698
    0.864125    0.932586   -0.215415   -0.970128   -0.064182   -0.397297
    0.568790   -0.617968   -0.908963   -0.722185    0.887074   -0.205375
    0.773580    0.457749   -0.962385    0.469158   -0.521528    0.760787
   -0.523670   -0.908451    0.549791    0.765363    0.251197   -0.124395
    0.708888   -0.345244   -0.356609    0.439540    0.446029    0.768961
   -0.483684    0.858066   -0.825336   -0.608645    0.752764    0.540540
   -0.373412    0.202972   -0.188390   -0.156576    0.933860   -0.550601
    0.790335    0.561244   -0.174857    0.845593   -0.441013    0.452813
    0.262966   -0.056163   -0.837205    0.079353   -0.061543    0.037577
   -0.952896    0.168252    0.868008   -0.357198    0.160430    0.830969
    0.146058    0.632913    0.398196   -0.277986    0.281889   -0.445673
    0.381432    0.313318   -0.375431   -0.093462
