    0.533284   -0.354177   -0.434778    0.979581    0.143148    0.461439
    0.617908    0.931303    0.362875    0.040117    0.990215   -0.160688
    0.744145   -0.256333   -0.914487    0.845067    0.100652    0.921903
   -0.167232   -0.430108   -0.195351    0.763988    0.023608   -0.662252
   -0.981638    0.151801    0.695371    0.642094    0.860599    0.754577
    0.594752   -0.281196   -0.136811   -0.795939   -0.453047    0.328377
    0.010952    0.865153    0.600496   -0.050972    0.903659   -0.506196
   -0.250963   -0.087366   -0.668479    0.775663   -0.395116   -0.491190
   -0.237308    0.858420    0.833383    0.360833    0.728321   -0.953934
    0.123429   -0.078528   -0.944012    0.669652    0.146040    0.551594
    0.040631    0.686815   -0.237328   -0.282543   -0.591547   -0.479024
   -0.851662    0.562681   -0.521512    0.539120    0.276549    0.409442
   -0.520863   -0.060827    0.756175    0.512271    0.521200    0.411708
   -0.259147   -0.604897    0.912236    0.847612    0.162434   -0.936629
   -0.172830    0.488463    0.342254    0.515272    0.408668    0.606578
    0.703778    0.549065    0.103109   -0.997331   -0.256008    0.152726
   -0.100001   -0.712335    0.228924   -0.125150    0.405171   -0.517821
    0.092670    0.755338    0.901566    0.745839    0.103774    0.559152
   -0.970132    0.481585   -0.323948   -0.055536   -0.793807   -0.364710
   -0.741084   -0.167824    0.085688    0.375131    0.491729   -0.618429
    0.220835   -0.142757    0.112745   -0.551710    0.505162    0.443939
    0.916044    0.712908   -0.516566   -0.140872    0.317340   -0.129118
    0.631946   -0.760871   -0.280519    0.119049   -0.883940    0.346058
   -0.071728   -0.897881   -0.349075    0.979269   -0.348247    0.168244
    0.401033   -0.140118    0.597481   -0.957128    0.072454   -0.100149
   -0.231780    0.546442    0.877856    0.991417    0.229917    0.642485
    0.620008   -0.613409   -0.910729    0.512817   -0.694423    0.643636
   -0.953119   -0.243842    0.996742   -0.722339   -0.981583    0.717920
   -0.815157    0.637687    0.603019   -0.837323   -0.958718    0.331889
    0.276654    0.723827   -0.835228   -0.827351   -0.524397    0.880871
   -0.553886   -0.407092   -0.912522   -0.013759    0.468582   -0.650285
    0.958280   -0.308309   -0.879772    0.701238    0.271169    0.799256
   -0.993436   -0.680737   -0.196814   -0.374196    0.843443   -0.847824
    0.880329    0.820891   -0.719683   -0.986874   -0.371961    0.680690
   -0.947542   -0.879414    0.789251    0.662402   -0.891969   -0.925512
    0.805483   -0.533364   -0.609807   -0.259084    0.235551    0.883311
    0.126122   -0.677308   -0.204830   -0.843706    0.854438   -0.064681
   -0.047440    0.208162    0.224881   -0.362578   -0.754475    0.953207
   -0.478607   -0.240934   -0.638872    0.759447   -0.854584    0.593485
   -0.392218    0.357423   -0.175454    0.870361    0.391362   -0.419065
   -0.758996    0.427710    0.461445    0.013392   -0.083457   -0.680591
   -0.446911    0.694052    0.023636   -0.372540   -0.051016    0.170466
   -0.093206    0.961042   -0.498072    0.406968   -0.188504    0.239650
    0.378975   -0.982985    0.684127    0.076393    0.568430    0.971953
    0.033337    0.014793    0.094360   -0.130915    0.878664    0.959103
   -0.452243    0.171600   -0.291588    0.646730   -0.424604   -0.857703
    0.342344   -0.390584    0.196817   -0.595944    0.270534   -0.807897
   -0.453855    0.326981    0.262975    0.830057   -0.319623    0.154156
    0.183180   -0.789646    0.901371   -0.236400    0.827448    0.966797
    0.319844    0.155573   -0.878828   -0.876104   -0.350606   -0.984187
    0.643664    0.871880   -0.107801    0.467900   -0.406539    0.900599
   -0.869470    0.907611    0.403955    0.711687    0.282412   -0.816767
   -0.586690    0.210120   -0.253765   -0.841389   -0.465317   -0.567291
    0.225336    0.162874   -0.086077    0.047238    0.780695   -0.321736
   -0.160233   -0.908036    0.531276    0.775240    0.272572    0.245804
   -0.825949   -0.297754    0.016371    0.051846   -0.333703   -0.759939
    0.937248   -0.132351   -0.110399   -0.404305   -0.530725    0.626345
   -0.314214    0.084567    0.131975    0.761537   -0.128814   -0.492055
    0.819450   -0.479437    0.064637   -0.299512    0.106358    0.482429
    0.473867   -0.625650    0.032475   -0.541017   -0.336299   -0.814244
    0.053072    0.879503    0.996658   -0.245963    0.743698    0.426486
    0.251508   -0.343585    0.920487   -0.541058    0.936971    0.329915
    0.125344   -0.982285    0.187566    0.819188    0.945596    0.562111
    0.928083    0.490278    0.686980   -0.374524    0.829922   -0.549059
    0.022845   -0.503431    0.935442    0.759579    0.231189   -0.572726
   -0.955382   -0.390939    0.727545   -0.254569    0.775341    0.904571
   -0.198082   -0.766789    0.874474   -0.731974   -0.436532    0.082746
   -0.124031   -0.647588    0.543769    0.704983    0.670453    0.605488
   -0.363615   -0.176441    0.123521   -0.534873   -0.073623    0.771857
   -0.353829    0.380057   -0.201397    0.236786   -0.240994   -0.821139
    0.423594    0.297170    0.301431   -0.774942   -0.714567   -0.390095
    0.702931   -0.809202    0.720721    0.566545   -0.645613    0.073075
    0.591342    0.193200    0.268792    0.986934    0.418983    0.803641
    0.116246    0.958351    0.472511   -0.311551    0.262812    0.742702
    0.998564    0.568411    0.693971   -0.674286   -0.847157    0.225997
    0.965369   -0.170369   -0.891794    0.655629   -0.863199   -0.238592
    0.444970   -0.913175   -0.075307   -0.503557   -0.359075    0.991781
    0.556073   -0.702438   -0.256874    0.512546    0.462249    0.210190
   -0.162795    0.110186   -0.975519   -0.876718   -0.563465   -0.025527
   -0.207735    0.189373    0.124569    0.144878   -0.789039    0.124532
   -0.062709    0.732627    0.007753    0.256069   -0.935722   -0.786288
   -0.479716    0.906762   -0.027259   -0.003778   -0.628725    0.066529
   -0.586663   -0.678828   -0.938838   -0.314337    0.194218    0.516102
   -0.202776   -0.043144    0.431091   -0.528027    0.841410    0.737049
    0.804717   -0.104016   -0.368302    0.543690   -0.707728   -0.961394
    0.107941   -0.537920    0.651191    0.801344   -0.220430   -0.017080
   -0.232947   -0.308139    0.095221   -0.527152   -0.969829    0.522503
    0.254345   -0.426235   -0.298064   -0.481437    0.381463   -0.746962
   -0.422753   -0.569890    0.204790   -0.346142   -0.833389   -0.953001
    0.226067   -0.934522    0.200644   -0.160196   -0.913932    0.691149
   -0.991701   -0.332954   -0.464798   -0.878118   -0.407007   -0.406219
    0.445796    0.136131   -0.111595   -0.719765    0.126913   -0.984816
    0.443740   -0.758575    0.125771    0.928608   -0.052972    0.426111
   -0.949791   -0.613643   -0.898833   -0.085237   -0.424444    0.079186
    0.109788    0.029076    0.610303    0.749352    0.895767    0.183321
   -0.925442   -0.646434   -0.548907   -0.622584    0.996848   -0.658271
   -0.342143   -0.036804   -0.659528    0.608214    0.320304    0.762659
    0.253808    0.741404    0.390629   -0.441508    0.614505    0.663752
    0.503593   -0.571907    0.116391   -0.459182    0.733865   -0.012246
    0.680088   -0.289122   -0.586055   -0.731062   -0.368704   -0.372160
   -0.034148    0.842510    0.865821   -0.847329    0.097550   -0.226142
    0.401016   -0.918963   -0.053926   -0.958856   -0.679487    0.059555
    0.421690    0.132395    0.327725    0.262299    0.218592    0.663170
   -0.804702    0.063579   -0.543878    0.067810   -0.083018   -0.935889
   -0.993024   -0.650103    0.097869   -0.433599    0.009465    0.950362
    0.898956   -0.217554   -0.234032   -0.442304    0.644749   -0.209083
    0.670701    0.373101    0.015891    0.038007   -0.969995    0.826715
    0.384902   -0.820897   -0.044136   -0.707008    0.462924    0.266143
   -0.330039   -0.956274   -0.780243   -0.444356    0.905858    0.561662
    0.514552   -0.611845   -0.805571   -0.018665    0.446734    0.074721
   -0.249186   -0.219399    0.434315   -0.440849    0.068088   -0.753767
    0.965442   -0.866698    0.810463   -0.179089   -0.751419   -0.598696
    0.875161    0.763437    0.334965    0.261438    0.343784   -0.126168
    0.468163    0.418029    0.997906    0.309931    0.872415    0.697870
   -0.277710    0.478134   -0.602774   -0.739607    0.282440   -0.968464
   -0.428255   -0.682287   -0.279022    0.500353    0.331814    0.975325
   -0.335235   -0.292529    0.082399   -0.411207    0.906993   -0.066102
    0.559303   -0.078540   -0.124421    0.754557    0.016940   -0.638929
    0.681040   -0.339390    0.651651   -0.581289   -0.178935    0.848793
   -0.215026    0.405060   -0.746380   -0.118214    0.557218    0.966256
   -0.438639    0.191622    0.627744   -0.790901   -0.308443   -0.223381
   -0.032195   -0.390612   -0.682404   -0.088539    0.903754   -0.712625
    0.387238    0.388569   -0.397847   -0.554694    0.136366   -0.795657
   -0.096539   -0.380852    0.644040   -0.746571   -0.352895   -0.312994
   -0.383012    0.220328    0.385951   -0.126565    0.311469    0.225894
   -0.332997   -0.927480   -0.847062   -0.381079    0.465865    0.743575
    0.124734    0.337613   -0.611607    0.555473    0.797503   -0.096435
   -0.860432    0.565744   -0.109504    0.910114   -0.540140   -0.651948
    0.897288   -0.126175    0.871910   -0.120499   -0.512710    0.024767
   -0.827983    0.076943   -0.005874   -0.423793   -0.002647   -0.140172
    0.376445   -0.093767    0.539866    0.286752    0.159232   -0.376275
   -0.923118    0.985501    0.973488    0.361760    0.180541   -0.521116
   -0.404992    0.485172    0.203277    0.636996    0.685761   -0.148466
   -0.012544   -0.685631
