   -0.264864    0.197054    0.593146    0.405367    0.697806   -0.311779
   -0.326910   -0.205833    0.192076   -0.474146   -0.460515    0.543725
    0.818981   -0.640899   -0.678175   -0.451939   -0.433247   -0.594208
   -0.952735    0.010460   -0.590805    0.257184   -0.200625   -0.164840
   -0.926349    0.825777   -0.126360    0.831834   -0.641458   -0.454068
    0.784515   -0.823444    0.419279    0.244960    0.368053    0.778630
    0.589204    0.087317   -0.509945    0.393541    0.096267    0.620762
   -0.682096    0.459617    0.836128    0.254593    0.674578   -0.985836
   -0.346977    0.906058   -0.552061   -0.062804    0.084629    0.083509
   -0.082068    0.857328    0.119761    0.009909    0.245023    0.551527
   -0.151667    0.957177    0.445142   -0.112697    0.140567    0.668210
   -0.001350   -0.536357   -0.912107    0.355714   -0.055786    0.038998
   -0.006237   -0.495772    0.287475   -0.209809    0.955971   -0.225549
   -0.172832   -0.982550    0.200607   -0.361751    0.396954   -0.021405
   -0.009877   -0.370948   -0.831521    0.539873    0.499513   -0.203102
    0.347783   -0.278849    0.430506    0.274023   -0.291788    0.555924
   -0.686976    0.163770   -0.516721   -0.182491   -0.871406   -0.000977
   -0.401408   -0.819664    0.738762    0.697358    0.383388    0.891059
   -0.690445   -0.412125    0.173830   -0.896284   -0.595235    0.557850
    0.969584    0.479458    0.677490   -0.675955   -0.455540   -0.673806
   -0.540496    0.007570   -0.788019    0.687912   -0.793439    0.099775
   -0.052827    0.042500    0.119766   -0.424427    0.245547    0.848712
   -0.478452    0.717067   -0.648794    0.787995   -0.706356    0.848905
    0.815700    0.514170    0.617304    0.843985   -0.536904    0.067478
    0.400959    0.481018    0.761287    0.977015    0.741373   -0.131276
   -0.341948   -0.175521   -0.185437    0.829473    0.536023   -0.073599
   -0.379403   -0.685256    0.070581    0.276826    0.247728    0.809657
    0.666132   -0.446362    0.446451    0.149418   -0.247420    0.799730
    0.566124    0.418970   -0.933725    0.071649    0.296745    0.112006
   -0.610758    0.542083    0.262350    0.702752    0.581639    0.158525
    0.910362    0.926141   -0.264196   -0.264328    0.591422   -0.821439
   -0.804883   -0.478357   -0.140305   -0.012633   -0.071255    0.579005
   -0.114729   -0.340215    0.572604   -0.027420   -0.284387   -0.915192
    0.198024   -0.078136   -0.266323    0.464487    0.476950    0.089629
   -0.883066    0.828904    0.045656   -0.503938    0.164703   -0.254545
   -0.499374    0.254934   -0.198125   -0.163062    0.006620    0.726364
   -0.441369    0.775098    0.149403    0.156064   -0.039429    0.940662
   -0.843612    0.765179   -0.861691   -0.791548    0.605957   -0.892629
    0.897875    0.626352    0.869089   -0.071511   -0.809298   -0.328000
    0.475779    0.365535   -0.599451   -0.106117    0.318206    0.218538
    0.151517    0.558861   -0.570941   -0.689207   -0.267364   -0.282566
    0.373704   -0.300630   -0.164883   -0.713796    0.373823   -0.900811
   -0.609419   -0.429830    0.772201   -0.139649    0.161841   -0.700574
    0.231507   -0.961333    0.962726   -0.136584    0.259513   -0.656463
   -0.448599   -0.557238    0.428795    0.093304   -0.235709    0.792405
    0.169557    0.280606   -0.641116    0.954924   -0.941404   -0.266901
   -0.888325   -0.171896   -0.753481   -0.836124    0.783275    0.070800
   -0.815598   -0.381162   -0.254261    0.976748    0.228117    0.475477
    0.105164   -0.195751    0.769627   -0.248049    0.018994    0.952733
   -0.958898    0.327500   -0.631758    0.493348   -0.061194    0.408713
   -0.605992   -0.815964   -0.809229   -0.673328   -0.740163    0.779311
    0.437668   -0.617086   -0.696788    0.470310   -0.317380    0.937299
    0.129820   -0.064469    0.610631   -0.788558    0.610266    0.588869
    0.887465    0.423594    0.767775   -0.133979   -0.928969   -0.320859
    0.663592    0.845800   -0.042928    0.445803   -0.223451    0.108487
   -0.110874   -0.443343   -0.453364   -0.184603   -0.285264   -0.582077
    0.678786   -0.888193    0.172577   -0.814124    0.287164    0.375878
   -0.172198    0.008087    0.412069   -0.826412   -0.622584    0.578723
    0.739394    0.969803   -0.909548    0.466038   -0.629153    0.498047
    0.417650    0.651901    0.021954    0.108109    0.297130    0.465132
   -0.517016   -0.957134    0.275513    0.280351    0.813100   -0.552476
   -0.188174    0.264955    0.415557   -0.261455   -0.964695   -0.065651
   -0.476258   -0.861540   -0.041075    0.599687    0.163755    0.638408
    0.080620    0.194523    0.002252   -0.016678    0.091177    0.835594
   -0.288835    0.260879   -0.833405   -0.157990    0.403565    0.758481
   -0.396125    0.164977    0.862810    0.934295   -0.990260   -0.082148
    0.018459   -0.195454   -0.128643    0.390058   -0.918530   -0.565879
   -0.306098   -0.735855   -0.465152   -0.863621    0.161650   -0.062923
    0.480127   -0.480591   -0.633358   -0.034854    0.446963   -0.949125
    0.239752    0.315731    0.486903    0.828781   -0.275359   -0.359898
   -0.012912   -0.352185    0.930697    0.355040    0.643929   -0.501757
    0.539176   -0.600531    0.496366   -0.447101    0.615257   -0.837758
    0.351278    0.986040   -0.244578   -0.065370    0.509150    0.458991
   -0.855574    0.074983    0.741056   -0.962953   -0.644613    0.374160
   -0.690898   -0.226878    0.822568    0.508656   -0.682021    0.168193
   -0.020105   -0.805287    0.998331    0.177386   -0.211655   -0.395773
   -0.766043    0.995061   -0.827163    0.523700    0.211332    0.569916
    0.728302   -0.770802   -0.494702   -0.240501   -0.901091   -0.869174
   -0.231947   -0.580944   -0.820854    0.389067   -0.330010    0.184453
   -0.820261   -0.156069   -0.320638   -0.785582    0.302337   -0.356370
    0.106122   -0.566188    0.990884   -0.752435    0.277501    0.627322
    0.834182   -0.604530   -0.104695    0.358644    0.133443    0.683954
    0.811518    0.649573    0.126672   -0.598805    0.151446    0.521570
    0.363634   -0.666601   -0.749211   -0.161896    0.055304   -0.198129
    0.389653   -0.729320   -0.448314   -0.435226    0.888673    0.433651
    0.027807    0.371678   -0.511652    0.935234   -0.017380    0.825254
    0.067707   -0.395193    0.526457    0.609948   -0.576500   -0.854914
   -0.936324   -0.274158   -0.716951    0.679077    0.811919   -0.650558
   -0.587418   -0.575333   -0.366641   -0.190322   -0.234800   -0.240594
    0.142076    0.119025   -0.963807   -0.559102   -0.869784   -0.650116
   -0.781142   -0.876855   -0.380864   -0.915323   -0.902165    0.875943
   -0.826005    0.200413    0.947843    0.944504    0.213741   -0.502796
    0.731802    0.094897    0.760654    0.380986    0.849984    0.954049
   -0.163776   -0.975501   -0.092809   -0.788708   -0.143481    0.836697
    0.845086    0.004527    0.887671   -0.677785    0.590210   -0.684312
    0.691806    0.791145   -0.875371   -0.953424    0.688752    0.804192
    0.956489    0.590956   -0.492976   -0.508715    0.350253    0.709074
    0.149309    0.224463   -0.444803    0.829846   -0.288533    0.829159
   -0.731474    0.104177    0.163120    0.655827    0.308315    0.200265
   -0.666334    0.932585    0.302793   -0.483449    0.722194   -0.488505
   -0.071875   -0.540479   -0.576860    0.097440   -0.295282    0.825387
   -0.620541   -0.482734   -0.290958    0.002551   -0.960609   -0.579112
   -0.469844    0.400306    0.952951    0.362057    0.894126    0.461706
    0.155741   -0.156786   -0.191478   -0.171950    0.397726    0.092244
   -0.541642    0.728571    0.391378   -0.734531    0.120447   -0.589441
   -0.786086   -0.861721   -0.200417    0.062326    0.687536    0.546777
    0.810855    0.430817   -0.540946    0.307115   -0.612705   -0.709572
    0.105503    0.252609   -0.340086    0.667969   -0.318572    0.795169
   -0.829235   -0.418847    0.817850   -0.168875    0.937945   -0.306634
   -0.456609    0.473291    0.635816   -0.993877    0.467175   -0.213467
   -0.215555    0.399758    0.622471   -0.191936   -0.991645    0.686978
    0.699386   -0.626812   -0.738064    0.892648   -0.931343   -0.035999
   -0.324055   -0.032415   -0.765043   -0.652463    0.497789    0.899548
   -0.011057    0.751672   -0.865524   -0.819878    0.695929    0.623227
    0.411095   -0.309637    0.503891   -0.182614   -0.433791    0.171555
   -0.685066   -0.345441   -0.019726    0.357216   -0.319440    0.040622
   -0.000103    0.771975   -0.203568   -0.425301   -0.061551   -0.037970
   -0.122138    0.058208   -0.575866    0.570119   -0.683188   -0.737449
   -0.769890    0.727095   -0.647626    0.246185   -0.524200   -0.156287
   -0.862462   -0.574708   -0.494853    0.801285    0.429035    0.676798
    0.719520   -0.707856    0.418362   -0.044096   -0.345992   -0.128858
   -0.680374    0.276988    0.666787    0.940257   -0.317409    0.947519
    0.412241   -0.929437   -0.244594    0.399104    0.608226    0.229843
    0.619577   -0.086000   -0.646766    0.592815   -0.265712   -0.881305
    0.529858   -0.502126    0.278511    0.843042    0.959361   -0.843705
    0.494384   -0.373222    0.980310   -0.567028   -0.869249    0.914538
   -0.204332   -0.494668    0.875691    0.076950   -0.211578   -0.138320
   -0.274680    0.733932    0.344514    0.151174    0.003855   -0.468300
   -0.030615    0.948412    0.985572   -0.631567    0.134008   -0.529636
   -0.739841    0.229504   -0.898676   -0.893029    0.743740   -0.297510
   -0.015698   -0.157059   -0.915740   -0.745136   -0.445767    0.374159
   -0.659228   -0.823148   -0.907147    0.977506   -0.372395    0.891433
   -0.808835   -0.725069   -0.309824   -0.575025   -0.727969    0.216634
    0.307833    0.589967    0.080548   -0.597741   -0.329100    0.469463
   -0.639758   -0.960782    0.990530   -0.182973    0.056601   -0.420514
   -0.396848    0.640911   -0.222982   -0.455335    0.133467   -0.632205
   -0.820115    0.340435   -0.484132    0.485472    0.778044    0.405297
   -0.010828   -0.210705    0.901555    0.533719   -0.606481    0.607163
   -0.456096    0.155453   -0.016535    0.821257    0.840875    0.810335
    0.217753    0.465773   -0.440223    0.353251   -0.182484    0.598689
   -0.186843    0.167213    0.746921    0.085476   -0.148058   -0.879966
    0.927774   -0.714023   -0.182077   -0.371605    0.200507   -0.957846
   -0.062282   -0.796074   -0.588452    0.475674   -0.962716   -0.910606
   -0.201111    0.237131   -0.756049    0.689365   -0.455544   -0.550987
   -0.906516    0.520965    0.368549    0.881442   -0.964711    0.693104
    0.594865   -0.639020   -0.946679   -0.669309    0.974604    0.383156
   -0.314859   -0.775515    0.077754    0.370342    0.075940   -0.399618
   -0.622712    0.662616   -0.136460   -0.811968   -0.000501    0.825090
    0.572281    0.450860    0.307712   -0.373670   -0.413035   -0.990591
   -0.831903    0.882655    0.030918    0.593871    0.607577    0.222251
    0.599792    0.490991   -0.877047    0.863694   -0.899622   -0.277691
    0.643070   -0.207321    0.973010    0.677844   -0.999548    0.345156
    0.486589   -0.272907    0.727169    0.462859   -0.482361    0.233413
    0.063920    0.526124    0.079521    0.348626    0.420996   -0.371232
    0.072579    0.590053   -0.996828    0.249502    0.839469    0.951730
   -0.620729   -0.701548   -0.400907   -0.962209   -0.908431   -0.145969
    0.696640    0.691939   -0.432282    0.631748   -0.667325    0.964560
   -0.899324    0.023119    0.970524   -0.867892    0.107348   -0.818187
    0.008446    0.251602    0.003615   -0.731234   -0.220865   -0.310976
    0.403851    0.839935   -0.187965   -0.920518    0.635877   -0.453884
    0.995564   -0.410720    0.436180   -0.880467    0.922230   -0.189059
    0.373128    0.154069    0.190501   -0.673761   -0.371602    0.484417
    0.289745   -0.795076   -0.847489   -0.411137    0.503526    0.851349
    0.546681    0.271770    0.421372   -0.801180    0.684145   -0.128208
    0.894994   -0.910604   -0.287904   -0.577442   -0.077146    0.122401
    0.073569   -0.437675    0.970730    0.570640    0.638572    0.000154
    0.685421    0.601509    0.167665   -0.011791    0.650630    0.147557
    0.733719    0.903546    0.158723   -0.526516   -0.148793   -0.069867
    0.217656   -0.102832   -0.869708    0.809064    0.508064    0.829663
    0.726420   -0.612801   -0.010699    0.196592    0.376156    0.845370
   -0.387126    0.926299   -0.136664    0.749342   -0.638519    0.493153
    0.551175   -0.372119   -0.545446    0.529732    0.522035   -0.404998
    0.020752   -0.676915    0.413782    0.186757   -0.495534    0.867041
   -0.224768    0.091516    0.573196    0.865416   -0.678868   -0.053634
    0.289121    0.432177   -0.990815   -0.046462   -0.688813    0.180014
    0.188853   -0.788033   -0.777992    0.187144   -0.922137   -0.936621
   -0.939749    0.684744   -0.463039   -0.911115    0.689426    0.104040
   -0.623715   -0.314202    0.374623    0.355144   -0.944964    0.345171
   -0.124500    0.405179   -0.093334    0.149559   -0.551847   -0.330102
   -0.088153    0.279033   -0.022733   -0.519685   -0.888686   -0.075539
    0.454244   -0.044114   -0.820620   -0.452652   -0.671269    0.803870
    0.004075   -0.435928   -0.140331   -0.787875   -0.083805    0.235612
   -0.007561   -0.342220    0.443283   -0.334942   -0.466521   -0.001617
    0.622140    0.168689    0.433996    0.224943    0.287411    0.355852
    0.552478   -0.204173    0.832042   -0.790777    0.851324    0.293816
    0.440108    0.007257    0.053600    0.472703    0.940298    0.050031
   -0.309977    0.576850   -0.346031   -0.811436    0.784746   -0.950360
   -0.393011    0.077678    0.091370    0.428462    0.026866    0.011000
   -0.457509    0.350103   -0.497428   -0.515568   -0.396108   -0.757409
    0.230171    0.872883    0.896155    0.503786    0.045227   -0.498321
   -0.328949   -0.186027    0.553964    0.874185   -0.363722    0.369459
   -0.426561    0.620994   -0.536540    0.276338    0.159553    0.010048
   -0.497708    0.340362   -0.451076    0.954291    0.278841    0.693859
    0.776116   -0.211945    0.422881    0.454700   -0.982726   -0.888217
   -0.698216    0.070449   -0.702561   -0.452061    0.778864   -0.474085
   -0.195587    0.358494   -0.471188    0.136938   -0.854790   -0.904203
    0.019283    0.987846    0.375512   -0.406283    0.287012    0.436949
    0.167876   -0.372803    0.648253   -0.837363    0.161879   -0.427096
    0.073415    0.719685    0.440115    0.886156    0.245309    0.660871
   -0.680133    0.333038    0.276996   -0.013836    0.594690   -0.481121
    0.504099   -0.320865   -0.015446   -0.132836   -0.988149   -0.649211
   -0.784372    0.568901   -0.798470   -0.812671   -0.867207    0.953331
    0.703013    0.829493   -0.658114   -0.251743   -0.217118    0.072861
    0.936861    0.202109   -0.826583    0.654276    0.229033    0.945998
    0.425562    0.551973   -0.499914   -0.936953    0.181387    0.893054
    0.231058    0.188613   -0.516624   -0.741898   -0.304550    0.089728
   -0.477166   -0.872368    0.403026    0.761398   -0.271153    0.771647
   -0.010607   -0.005918    0.368707    0.181346   -0.383293   -0.726670
   -0.125634   -0.973328    0.118731   -0.172488   -0.316557   -0.784396
   -0.578240   -0.300262   -0.220574    0.227741    0.713108    0.119477
   -0.724820   -0.379037    0.973705    0.262981    0.971842    0.862349
   -0.056473   -0.736150    0.200361    0.100470   -0.454908   -0.104394
   -0.532092    0.168741   -0.848181    0.941220   -0.656475    0.015446
    0.278440    0.066495   -0.437092   -0.635605   -0.088110    0.595539
   -0.693540    0.276131    0.669999   -0.339474    0.313448    0.245977
   -0.072736   -0.388456   -0.230807    0.477460   -0.943248    0.086177
    0.875277    0.107109    0.112317   -0.326517    0.922097   -0.769813
   -0.354018   -0.334650    0.912363    0.537574    0.283760   -0.406253
    0.331732    0.974632   -0.243284    0.274746   -0.512047   -0.457169
   -0.148732   -0.055777   -0.567027   -0.274696   -0.613626   -0.850437
   -0.529674   -0.113629    0.756196    0.956166    0.788476   -0.105109
    0.829468   -0.873449    0.188876   -0.118211   -0.802867    0.042826
    0.356556   -0.975357   -0.303438   -0.355854    0.993978   -0.061862
    0.488516   -0.049491    0.871884   -0.502543   -0.496649    0.335582
    0.907969    0.520006   -0.857184   -0.270215    0.548847   -0.023272
   -0.530245    0.202828    0.956958   -0.386538   -0.197661   -0.558836
   -0.802811    0.994909   -0.280761    0.246428    0.513361   -0.859313
   -0.829399    0.045373    0.354805    0.995109    0.828414   -0.575975
    0.691527    0.963189    0.469426    0.270613   -0.887257    0.307647
    0.743863    0.491246    0.213645    0.769025   -0.766393    0.159733
    0.626221   -0.909840    0.539779   -0.405338   -0.401300   -0.300547
    0.525210   -0.925498    0.540146   -0.095861    0.202191   -0.427463
   -0.216500    0.845225   -0.735670   -0.931354   -0.670974    0.509078
   -0.580477    0.698704    0.376058   -0.122288   -0.413053    0.360251
   -0.550670    0.940700   -0.180178    0.785143    0.750884    0.857045
    0.121750    0.896371   -0.708659    0.951368   -0.284775   -0.642155
    0.818729    0.081795   -0.551429   -0.174138   -0.051449   -0.839066
    0.719800   -0.639443   -0.012321   -0.742091    0.956530   -0.032098
    0.570184    0.769900    0.703142   -0.594348   -0.269300   -0.490724
    0.086822   -0.630089   -0.522275    0.459072    0.950793    0.942355
    0.806939    0.004453   -0.051892    0.678749   -0.440572    0.280001
    0.532733    0.608228   -0.981712    0.508663    0.583931    0.437407
   -0.826672   -0.949507   -0.288708   -0.369775    0.017152   -0.300838
   -0.757851   -0.956958   -0.426285   -0.095651   -0.088632    0.877622
    0.583492    0.736734    0.313744    0.385794   -0.442026    0.907494
    0.534775   -0.060341    0.140422   -0.955831    0.882671   -0.517762
   -0.276673   -0.398039   -0.049177    0.074288   -0.732210    0.921056
    0.103510   -0.566998   -0.016200    0.212302    0.610239   -0.236533
    0.537582    0.324782   -0.982468   -0.346970    0.859576   -0.462225
   -0.738290   -0.233609   -0.184561    0.077320   -0.092187   -0.305371
    0.846853   -0.196100   -0.360691    0.340537    0.865562    0.598850
    0.810478   -0.637862   -0.742456   -0.180805   -0.002669    0.484743
   -0.469639   -0.877642    0.357303   -0.825956    0.164128    0.165039
    0.841738    0.069733    0.788273   -0.294039    0.439910    0.224570
   -0.531195   -0.338905    0.700772   -0.196780   -0.774507   -0.963697
   -0.071739   -0.450429    0.267878   -0.601001    0.812379   -0.636645
   -0.055356   -0.523430    0.420844    0.846311   -0.614356    0.933762
    0.291121   -0.241972   -0.118501    0.180696    0.152563   -0.177735
    0.735520    0.925078   -0.327439    0.943709    0.425374   -0.045067
    0.508149   -0.011369    0.988487   -0.639958   -0.500204    0.799546
    0.630073    0.834294    0.892227    0.145140   -0.847869   -0.513276
   -0.994419   -0.791012   -0.897054    0.877321   -0.444845    0.915020
   -0.129833   -0.037450    0.779735    0.736744    0.867248    0.741928
    0.315645   -0.203359   -0.192538    0.267356   -0.105262    0.661057
   -0.629106    0.307506   -0.407738   -0.446272   -0.549670    0.769779
   -0.028547    0.365456    0.501892   -0.971922   -0.236643   -0.819243
   -0.546682    0.037124   -0.189013   -0.413745    0.435254    0.468721
    0.073170    0.159875    0.686021    0.118194   -0.509151    0.384472
    0.866469   -0.162905    0.959016   -0.038454    0.853583   -0.385559
    0.048767    0.499169    0.291612    0.173646    0.979884   -0.846351
    0.427958   -0.509724    0.183659    0.734164   -0.810729   -0.755438
    0.823089    0.927144    0.078785   -0.877410   -0.989549   -0.097925
   -0.069176   -0.173738   -0.874850   -0.930486    0.890296    0.202134
    0.997739    0.647417   -0.039798   -0.976287   -0.071189   -0.948264
   -0.799750   -0.705781   -0.070900    0.074708   -0.258956    0.723758
   -0.592143   -0.605089    0.838610    0.002490   -0.060137    0.850237
   -0.941670    0.613090   -0.225242    0.225883    0.213182    0.729976
   -0.242817    0.259603   -0.881137    0.576254    0.945449   -0.026243
    0.979127    0.681061    0.822267   -0.899737    0.435224   -0.784030
   -0.946147   -0.619609    0.980556    0.534563    0.215028    0.149441
   -0.608432   -0.210220    0.001439   -0.147134    0.285309    0.811401
   -0.691958   -0.008086   -0.235454   -0.369083    0.407283    0.183899
   -0.100384   -0.560774   -0.595216    0.147401    0.220508    0.232166
    0.709577   -0.197101    0.560251    0.207404    0.654043   -0.486777
   -0.095389    0.861886   -0.360700    0.812797   -0.383589    0.797278
   -0.399839    0.241803    0.861489    0.880713    0.950555   -0.136413
   -0.210514    0.275681    0.281806   -0.337999    0.352127   -0.819672
   -0.039833    0.672147   -0.712065   -0.458686    0.906413   -0.456127
   -0.648031    0.378126   -0.593575   -0.001233    0.238203    0.508036
    0.587406    0.760484    0.267575   -0.341471   -0.872520    0.096263
    0.337001    0.957600   -0.853403    0.826263   -0.867288    0.576954
    0.463931   -0.826820    0.262526    0.076408    0.997893    0.438780
   -0.396493    0.582730    0.861404   -0.525836   -0.741126    0.056168
    0.136147    0.773105   -0.926613    0.581084   -0.838944   -0.914607
   -0.233103    0.649335    0.390164    0.147410    0.081215    0.249625
    0.475129   -0.074957    0.352952   -0.457937   -0.362178    0.417751
   -0.563591    0.342006    0.758946    0.126274   -0.855345   -0.000518
    0.874951   -0.843442    0.302720   -0.561629    0.428327   -0.153177
    0.007712    0.518592   -0.968033   -0.675913   -0.177330    0.604240
   -0.552200    0.970014    0.671900   -0.271542    0.104657    0.776869
   -0.508469   -0.654296    0.811433    0.342362    0.065673    0.954138
    0.077272    0.996184    0.824370   -0.755317   -0.109503    0.165196
   -0.004729    0.666220    0.470759    0.583301    0.427743    0.266531
    0.878158   -0.511102   -0.222308    0.421432   -0.807016   -0.016134
   -0.252253    0.325582    0.379969    0.572325    0.930434   -0.754070
   -0.323338   -0.600188    0.008491    0.051096   -0.137121   -0.557417
   -0.630293    0.244911   -0.392697    0.336723    0.187447    0.399670
   -0.093198    0.762348   -0.778276   -0.417813    0.923689    0.410100
    0.554387   -0.611223    0.304097    0.735897    0.274599    0.180098
   -0.424231    0.373250    0.044590   -0.887369   -0.153950   -0.472187
   -0.427323    0.557391    0.158628   -0.002857   -0.812923   -0.566663
    0.599396    0.540082    0.025664   -0.797957   -0.477169    0.756110
   -0.374783    0.666101    0.240675   -0.573027   -0.208342   -0.591759
    0.507950   -0.451425    0.228996   -0.676629   -0.376147    0.707824
    0.544941   -0.494559    0.668456    0.884005    0.980440   -0.678487
    0.649493    0.478243   -0.286796    0.918839   -0.305915    0.761668
    0.154587   -0.084129   -0.192396   -0.068973   -0.797587   -0.134419
    0.981672    0.200379   -0.853966    0.085791    0.791255   -0.492000
    0.877294    0.658420   -0.515245    0.657137   -0.107739   -0.628666
   -0.167318   -0.506163    0.005756   -0.313376   -0.392057   -0.103803
   -0.304903   -0.162172    0.925411   -0.142227    0.445274    0.382107
    0.881257    0.363001    0.204473    0.979263   -0.661837   -0.678365
    0.577255    0.672155    0.494103    0.058912    0.060006    0.825223
   -0.790823   -0.570835   -0.152026    0.989232   -0.578501   -0.591111
   -0.001533   -0.010078   -0.823761   -0.596110   -0.744749   -0.097176
    0.367685   -0.431555    0.945793   -0.140805   -0.795885    0.855034
    0.144762    0.283370    0.940267   -0.876528    0.736465   -0.828596
   -0.865777   -0.355097    0.482900    0.754721   -0.396287   -0.164348
   -0.418144   -0.818249    0.632667    0.490422   -0.337134   -0.269866
   -0.674233    0.594578   -0.048608   -0.406170   -0.864952   -0.272572
    0.398223    0.622549   -0.004048   -0.169352    0.271071    0.890757
    0.437072   -0.042336    0.083973    0.030473   -0.757234   -0.444213
   -0.632965    0.159414    0.155365    0.076456    0.528956   -0.825734
    0.321698   -0.012418    0.678313    0.470404    0.766183    0.565479
    0.595025    0.287138   -0.951960    0.451682    0.595155   -0.303093
   -0.043234   -0.010736    0.038974   -0.193494    0.899923    0.706940
   -0.657013    0.796956    0.588434    0.383169   -0.282414    0.526184
   -0.987333    0.230941   -0.514635   -0.901130    0.322245    0.279556
   -0.172977    0.136930   -0.226583   -0.543222    0.416276    0.586109
   -0.683019   -0.540332    0.710440   -0.454321   -0.136546   -0.682012
   -0.271758   -0.965436   -0.620621   -0.311508   -0.161910    0.252347
   -0.767493   -0.833324    0.930693   -0.176702    0.116902    0.301009
    0.640936    0.208548   -0.581038    0.203341    0.739225    0.068766
    0.772008   -0.191016    0.555539    0.186291   -0.214461    0.963967
   -0.122057   -0.817574    0.623669    0.744181    0.357863   -0.340898
    0.780133    0.454463    0.663638   -0.215118    0.714413    0.287895
    0.825903   -0.360895   -0.217638    0.397927    0.654708    0.720516
    0.809530    0.327331    0.697090    0.058972    0.341244    0.256406
    0.081453    0.575671    0.471638    0.225906    0.105053    0.578810
   -0.450327    0.786406   -0.903378    0.112419    0.608851   -0.793022
    0.861077   -0.316036   -0.578063    0.889681    0.491617    0.010835
   -0.716514    0.463638   -0.969008    0.948785   -0.415615   -0.233278
    0.128965   -0.056882    0.138161    0.639396   -0.364406    0.330335
    0.158099   -0.217361    0.757641    0.090162    0.566421   -0.188894
   -0.120993   -0.175327   -0.765370    0.356435    0.119168    0.897715
    0.589759   -0.655391   -0.562223    0.687634   -0.826370   -0.915216
   -0.713419    0.088602   -0.029086    0.382519    0.143321    0.265472
   -0.507993    0.637986    0.334787    0.535654    0.292504    0.097684
    0.836523   -0.042521   -0.662533   -0.438983   -0.744084   -0.614292
    0.779369    0.971325   -0.006581   -0.820003   -0.613942    0.010213
   -0.676716    0.157808   -0.267483    0.733532   -0.697167   -0.586792
    0.176755    0.744002    0.851433   -0.257740    0.208577   -0.609467
   -0.163698    0.582874   -0.424930    0.273340    0.581490    0.418124
   -0.704098   -0.809061    0.360575    0.413257   -0.213330   -0.630860
   -0.924611   -0.182570   -0.657096   -0.111570    0.769038   -0.977271
    0.435669    0.721068   -0.090690    0.133546    0.250911   -0.933251
   -0.122353    0.739898   -0.295610   -0.696796    0.975403   -0.786884
    0.891563   -0.550084    0.896525    0.207309   -0.824894   -0.834623
   -0.002088    0.999794   -0.575146   -0.041495   -0.524036    0.181124
    0.621552    0.522939   -0.140010   -0.054409    0.052901    0.463931
   -0.088683    0.874260    0.184428   -0.968401   -0.380721    0.846690
   -0.316438   -0.367563    0.134158    0.052124    0.704064    0.732310
    0.178230   -0.843105   -0.675608    0.828720    0.194867   -0.485988
    0.689117    0.656553   -0.023267    0.905460    0.690071   -0.522726
    0.732795   -0.774416   -0.487083    0.488896   -0.359655   -0.061687
   -0.866991   -0.021230   -0.386479   -0.231438    0.793835    0.043879
    0.409914   -0.616602    0.440269   -0.737504   -0.342113    0.332393
    0.541417   -0.013979    0.470953   -0.642632   -0.792241    0.475580
    0.752506    0.360637   -0.441592    0.151361    0.576102   -0.026713
    0.366954    0.103617   -0.183352    0.020262    0.502687   -0.240018
    0.423953    0.585341    0.052367    0.348519    0.214887    0.530744
   -0.486437   -0.567478    0.493336    0.989422   -0.394671   -0.765565
   -0.005702    0.452177    0.187381    0.466499   -0.439901   -0.353676
   -0.290107   -0.077049   -0.755555   -0.636073   -0.197691   -0.005380
    0.040038    0.907502   -0.565526   -0.956443   -0.706435    0.948098
    0.181800   -0.714191    0.389954   -0.488902    0.362425    0.880025
    0.233139   -0.104701   -0.546760    0.177886   -0.979075    0.275303
    0.686307   -0.700696    0.828421   -0.797370   -0.533396    0.424587
   -0.622545    0.131846    0.349661    0.863745   -0.716839    0.472511
    0.394865   -0.385778   -0.123081   -0.314296   -0.665743   -0.453165
   -0.890406   -0.615543   -0.048817    0.103181    0.529979    0.928937
    0.950952    0.070838    0.069415    0.396864   -0.066882   -0.537909
   -0.485103    0.822076    0.953142    0.069526   -0.440937    0.973417
   -0.830320   -0.840625    0.480723   -0.996438    0.747025    0.941702
   -0.628485   -0.296676    0.846633   -0.224691   -0.010486   -0.735486
   -0.241012   -0.808314    0.443382   -0.297996    0.188976   -0.438219
   -0.196563   -0.331237    0.999024   -0.402201    0.568653   -0.012974
   -0.135721   -0.355501    0.419079    0.708981   -0.841397   -0.807015
    0.269113   -0.517806   -0.038771   -0.149806   -0.587776    0.637158
   -0.777230   -0.693485    0.888552   -0.454650   -0.811676   -0.821040
   -0.366563    0.777286   -0.213942   -0.432246   -0.450487   -0.881697
   -0.600413    0.651465    0.763196   -0.291389    0.108681   -0.920520
   -0.466306   -0.833342    0.965494   -0.447656   -0.084679    0.507613
    0.593495    0.670909    0.522144    0.796397    0.763035    0.298944
    0.984632   -0.905345    0.805370    0.630101   -0.512155   -0.325312
    0.437221   -0.847838   -0.253453    0.465102   -0.429173    0.009345
   -0.952998   -0.006562   -0.890725    0.394869    0.044721    0.180157
    0.992406   -0.319529   -0.705802   -0.814083    0.545398   -0.020690
    0.336716   -0.491156    0.781439    0.567044    0.967054    0.130621
    0.968554    0.371752    0.793452   -0.940441   -0.491409    0.392882
    0.003574   -0.723931    0.527068    0.923039   -0.406121    0.163021
   -0.123056   -0.824246    0.651851   -0.984387   -0.265554   -0.392156
    0.081478   -0.061213   -0.079949    0.333784    0.734180   -0.221486
    0.196101   -0.299743    0.470478    0.484999    0.816867   -0.148043
   -0.674765    0.660495    0.846268   -0.299510    0.765075   -0.334602
   -0.690171    0.666802    0.324131   -0.467313    0.490365    0.546419
   -0.411122   -0.583445   -0.452045    0.115410   -0.546718   -0.431674
   -0.838065    0.754567   -0.073103    0.249178    0.448092    0.959553
    0.321309   -0.001681    0.643181   -0.838613    0.411930    0.410038
    0.047073   -0.606557    0.971194   -0.806746    0.832576    0.710386
   -0.436644   -0.058075   -0.099795    0.553301   -0.904583   -0.928267
   -0.790115    0.146084   -0.664348   -0.699760    0.497125    0.311003
   -0.156305   -0.771519    0.979965    0.683772    0.687039   -0.022057
    0.792176    0.145965    0.351136    0.675391    0.123385    0.230258
   -0.831663    0.958810   -0.485709    0.904257   -0.352459    0.792188
    0.527871    0.158828    0.396780   -0.444706   -0.853303   -0.094950
   -0.414461    0.516030   -0.573378   -0.543574    0.866227    0.972570
    0.804574   -0.473466   -0.310184   -0.641754    0.441163    0.932761
    0.046942   -0.889181   -0.076338    0.834902   -0.792566    0.904110
   -0.259904   -0.229986    0.187466    0.561052   -0.445055    0.299099
    0.076417   -0.227133   -0.822716    0.357057   -0.807834   -0.591238
   -0.870791    0.172932   -0.800872    0.402552    0.197071    0.537871
    0.426432   -0.837864    0.547934   -0.969083   -0.033988   -0.614666
    0.633395    0.346432   -0.675165    0.951937   -0.548334   -0.792263
   -0.466015    0.172922    0.147949   -0.541345    0.010415   -0.913550
   -0.247067    0.367100    0.927811    0.401620   -0.655627    0.446209
   -0.155275    0.182515    0.160233    0.175002   -0.755217    0.341350
    0.809757   -0.888279   -0.083992    0.218900    0.542312   -0.197507
    0.091573   -0.673758    0.497787    0.038607    0.059277   -0.357822
   -0.051299   -0.065670    0.882685   -0.725481   -0.953387   -0.821814
   -0.058680    0.891111   -0.315048    0.193265   -0.928357   -0.647648
    0.770540   -0.560715    0.189848    0.812365    0.422501    0.521800
    0.190239   -0.708572    0.044557    0.779256   -0.135694    0.421150
   -0.394598    0.055306   -0.622127    0.461381    0.790134   -0.861277
   -0.279845   -0.061184    0.181795    0.892702    0.754760    0.150278
   -0.057393   -0.786744    0.185486    0.542014    0.861510    0.811796
    0.355235   -0.962297    0.460462   -0.594996   -0.349967    0.307589
   -0.301656    0.239089   -0.310530    0.128367    0.232731   -0.646798
    0.008369   -0.357711   -0.526830   -0.782245   -0.505445    0.660610
    0.967309   -0.707705   -0.627034    0.804485   -0.751437   -0.388743
    0.134537    0.746555   -0.858761    0.813370   -0.311014   -0.577481
   -0.745929   -0.944107   -0.942251   -0.988028   -0.121679   -0.613493
   -0.954879    0.096096    0.719155    0.495047   -0.601196    0.436842
    0.418196   -0.657568   -0.410280    0.864530   -0.262522    0.549225
   -0.159168    0.591004   -0.402723    0.882227   -0.906519    0.010765
    0.909239   -0.559846   -0.756101   -0.096200    0.368441   -0.693565
   -0.227419   -0.045564   -0.421082    0.225736    0.772590    0.846594
    0.202991   -0.661097   -0.994138   -0.153398    0.550252   -0.222900
    0.393373    0.416903    0.233329   -0.275611   -0.272557    0.420132
    0.541376    0.445598   -0.546984    0.261355   -0.162229   -0.495449
   -0.842740    0.666256   -0.374118    0.206181    0.939057    0.627755
    0.013977    0.812701   -0.887456   -0.557890    0.204710   -0.331069
   -0.822431   -0.486967    0.015416    0.214913    0.300494   -0.967302
   -0.069058   -0.742298   -0.852605    0.711115   -0.495504   -0.860591
   -0.614238   -0.808501    0.961113   -0.363940   -0.545561    0.027999
   -0.958001    0.956039   -0.045255   -0.102523   -0.562846    0.181283
   -0.199442    0.793819   -0.421834   -0.756389   -0.586511    0.845965
    0.846369    0.561566   -0.148765   -0.516492   -0.451203    0.403055
    0.747164   -0.983117   -0.396034    0.122534   -0.796436    0.285708
    0.112811    0.112723    0.385918    0.792630    0.240286   -0.033665
   -0.454876   -0.302207   -0.160179   -0.856368    0.798663    0.814420
    0.959375   -0.623316    0.145799   -0.790297    0.050121   -0.041195
    0.326250    0.680331    0.253694   -0.906306    0.344695    0.120748
   -0.659398   -0.201341    0.850023    0.527522   -0.475928   -0.284723
   -0.482059   -0.025454   -0.728444    0.309076   -0.058581    0.902715
    0.926751    0.983549   -0.663869   -0.547137   -0.332137    0.229986
    0.331130   -0.321686    0.902807   -0.140584   -0.781892   -0.062137
   -0.078266   -0.642004   -0.992648    0.305360    0.154236   -0.228372
    0.345521   -0.174269    0.778243   -0.147990    0.132427   -0.320015
    0.353573    0.030052    0.321221   -0.682756    0.111945    0.563955
   -0.145276   -0.184820    0.575872    0.655175    0.924501    0.743756
   -0.453887   -0.342737    0.048937    0.946997   -0.668692    0.983258
    0.665367    0.970350    0.767086    0.989466   -0.715535   -0.076980
   -0.487650   -0.563019   -0.997951    0.067486    0.838910    0.499193
    0.772991    0.084621    0.316994    0.177588    0.220170   -0.014180
   -0.675539   -0.541292    0.233782    0.852910   -0.585571   -0.585867
    0.761757   -0.601559   -0.096703   -0.074256   -0.987120   -0.639952
   -0.993571    0.819926   -0.056126   -0.132601    0.660115    0.770330
   -0.095406   -0.737030    0.532549    0.203343   -0.414212    0.518672
    0.631545    0.128882    0.622841    0.964066    0.491169   -0.330784
    0.710631   -0.351224    0.744774    0.791299    0.839329    0.210672
    0.386661   -0.784156    0.458308   -0.343741   -0.313848   -0.072107
    0.545656   -0.772989    0.274173    0.705471   -0.039641    0.914948
   -0.969321    0.759523   -0.966388    0.270568    0.156065   -0.698833
   -0.891798    0.645471   -0.176503    0.193282   -0.443664   -0.875737
    0.437976    0.140682    0.614574    0.815709    0.955631   -0.552606
    0.428814   -0.002648   -0.662245   -0.142844   -0.163766   -0.525803
   -0.157916   -0.571536    0.871366    0.328882    0.291300   -0.489572
    0.581695   -0.123697   -0.767005   -0.204210    0.575735   -0.056625
    0.839921    0.305841    0.116085    0.090818   -0.272153   -0.727118
    0.220312    0.096318    0.006674    0.829399   -0.187315   -0.196770
   -0.486413    0.183713    0.904860    0.096707    0.242254    0.100648
   -0.026408    0.430081    0.600993    0.216677    0.782148   -0.613279
   -0.800347    0.989629   -0.149877    0.113529    0.260508    0.409058
    0.702060    0.902697    0.752565   -0.197102    0.320440    0.863295
    0.938046   -0.231855    0.118645    0.512462    0.521325   -0.352891
    0.153628   -0.777574    0.016570   -0.864780   -0.408984    0.863044
    0.389366    0.785635   -0.000478    0.494757   -0.512620   -0.849908
   -0.048929   -0.250508   -0.088811   -0.976140    0.958882   -0.466389
   -0.080370   -0.966497   -0.848913    0.434891    0.369870    0.079158
    0.433692    0.691777    0.297563    0.896881    0.080909    0.532086
   -0.996571   -0.010820   -0.414500   -0.631608    0.400492    0.390308
   -0.053921   -0.789908   -0.654631    0.515955    0.611326   -0.398672
   -0.647554    0.152765    0.186917   -0.431282   -0.868618   -0.604514
    0.213861   -0.686868    0.549888    0.062723   -0.418934    0.157482
   -0.163326   -0.276190    0.388265    0.418904    0.796239   -0.368774
   -0.296613   -0.194097   -0.492875   -0.014226   -0.221821   -0.037953
    0.109720   -0.119154    0.862335   -0.544593    0.323983   -0.046919
   -0.418052    0.627762    0.766576    0.045148    0.941034   -0.519492
    0.695907   -0.823342    0.744940    0.504180    0.111190   -0.328763
   -0.375879    0.532661    0.233564   -0.829360    0.290286    0.062349
   -0.085105    0.556165   -0.555433    0.496923    0.587415   -0.064017
   -0.508560   -0.478428    0.587981    0.446269   -0.529502    0.036855
   -0.855843   -0.697037   -0.211129   -0.117343   -0.578637    0.878945
    0.136265    0.800847    0.951625    0.478395   -0.979091   -0.185247
    0.872679    0.473983   -0.669184   -0.560991   -0.074036   -0.567772
    0.054084    0.992655   -0.606806   -0.485993   -0.899042   -0.268638
    0.152864    0.504787    0.043773    0.767625   -0.690079   -0.876273
    0.688802   -0.874672   -0.789930   -0.483461    0.365289   -0.490336
   -0.669773    0.195250    0.345645    0.854747    0.083120   -0.500861
   -0.298549    0.511845   -0.821074    0.501421    0.955042   -0.210249
    0.060341   -0.537489    0.064857    0.018737   -0.657116   -0.327985
   -0.283928   -0.063442    0.286023    0.556602   -0.388063    0.585383
    0.785774    0.568425
