    0.117144    0.897172   -0.362756   -0.661997   -0.087473    0.336314
   -0.513134   -0.350472    0.817018   -0.894847    0.923860   -0.458117
    0.039889    0.007438    0.021637    0.269386    0.469110   -0.533844
   -0.164586   -0.200940   -0.723489   -0.313813   -0.608505    0.239307
   -0.188364    0.004236    0.646361   -0.793209   -0.429249    0.954061
    0.328979    0.772713    0.392401    0.372777    0.674977   -0.954904
   -0.474497    0.783958    0.049543    0.762536    0.145014   -0.159186
    0.870818   -0.102872   -0.043566    0.847153    0.549995    0.135798
    0.455670   -0.485950   -0.093435    0.395540   -0.051329   -0.492247
   -0.707625   -0.651372   -0.310620    0.532115   -0.209249    0.302852
    0.879319    0.502589   -0.852031   -0.004860    0.579445   -0.471837
    0.953402   -0.595688    0.683951   -0.258931   -0.906347    0.519516
   -0.988728   -0.446445   -0.619492    0.451022   -0.571789   -0.891510
   -0.116069    0.828267    0.883866    0.311122   -0.025711   -0.117347
    0.600577    0.057559    0.427654   -0.041611   -0.349509    0.248692
   -0.184166   -0.652347    0.512771   -0.343054    0.965715   -0.912491
    0.348706    0.914261   -0.970098    0.699582   -0.946375    0.325727
    0.397611   -0.274588   -0.740930   -0.657969    0.927123   -0.688499
   -0.519944    0.001658    0.697637   -0.592055    0.217556    0.579239
   -0.114936   -0.241479   -0.347774    0.506918   -0.248998    0.605457
   -0.549019    0.408207    0.429063   -0.221687   -0.278369    0.929030
   -0.157400   -0.301867   -0.857737   -0.494934   -0.861924   -0.308255
   -0.474531   -0.508471   -0.889295   -0.931353    0.865138    0.839502
    0.087965   -0.385025    0.980819    0.970315   -0.009255    0.309524
    0.625275   -0.936471   -0.703859   -0.263123   -0.549365   -0.279093
   -0.392866    0.618184    0.390616    0.103282   -0.110775    0.483178
    0.832496    0.871372   -0.681607   -0.604823   -0.919187    0.817097
    0.349159    0.822728    0.743380    0.627594    0.256844    0.054673
   -0.713389    0.573540   -0.374945   -0.091071   -0.550838    0.477927
    0.937795    0.595416    0.037923   -0.725851   -0.170306    0.734007
   -0.478628    0.100502    0.625293    0.390776   -0.446621   -0.000701
   -0.753820    0.242418    0.998645   -0.022214   -0.823774    0.602775
    0.010835   -0.952676    0.341303    0.902858    0.643851    0.898029
   -0.307552   -0.303474    0.485787    0.290422    0.530783    0.732227
    0.440773   -0.785908   -0.034012   -0.762390    0.961943   -0.913041
   -0.176146    0.799856   -0.370550    0.594266   -0.787156   -0.810052
    0.787908   -0.380107    0.836241   -0.027241    0.799964    0.450007
    0.392511   -0.417079    0.316056   -0.720223    0.693857   -0.017403
   -0.456932    0.763611   -0.995682   -0.258063   -0.237866    0.488880
   -0.337121    0.257513   -0.704342   -0.802747    0.549889    0.213582
    0.848213    0.988614   -0.518090    0.572794   -0.837640    0.708281
    0.382693   -0.781346   -0.580031    0.238640   -0.719881   -0.815991
    0.442436   -0.569475    0.073682   -0.968438    0.744977   -0.208226
   -0.595871   -0.025177   -0.013033   -0.993470   -0.095704    0.579326
   -0.056125   -0.095595    0.471855   -0.934600   -0.497772   -0.527941
   -0.579472   -0.392628    0.490573    0.199938    0.711612   -0.998262
    0.725444    0.050370   -0.769137   -0.655097    0.445999    0.895158
   -0.278552    0.547757   -0.883853   -0.413198   -0.353381    0.378462
   -0.496094   -0.465435   -0.726860   -0.510134   -0.852596   -0.159037
    0.805069    0.602719   -0.926481   -0.146310   -0.793075   -0.998591
    0.540109    0.511865   -0.699635    0.040414    0.790337   -0.009313
   -0.905769   -0.003383    0.694547   -0.814193    0.727175   -0.224918
    0.440370   -0.299252   -0.675691    0.867434   -0.443923   -0.516194
   -0.752435   -0.605220    0.851903   -0.127074    0.554605   -0.924142
   -0.500732   -0.883792    0.603744   -0.664531    0.170001    0.953583
    0.634287    0.485133    0.085955    0.414365   -0.367199    0.114921
   -0.822080    0.588407    0.680350    0.086006   -0.106330    0.497079
    0.606697   -0.737684    0.287096   -0.002517    0.097642    0.757466
    0.818241   -0.588725    0.193047    0.955411    0.653729    0.593498
    0.877970    0.053759    0.924552   -0.956842    0.091032   -0.470996
    0.176701    0.577026   -0.967358    0.558754   -0.524389   -0.392257
    0.660298   -0.204584   -0.607989   -0.883166   -0.693674    0.852590
   -0.263010   -0.034849    0.767667   -0.990978    0.496696   -0.895171
    0.515562    0.663511    0.717265   -0.903801   -0.566974   -0.224320
    0.560471    0.572113   -0.830337    0.466579   -0.109516    0.467063
   -0.025570    0.048494   -0.359366    0.294361    0.539375   -0.117161
   -0.014488   -0.803397   -0.780184    0.550615    0.375580    0.380765
   -0.782145   -0.278691   -0.334939    0.031332   -0.642495    0.990435
   -0.809270   -0.926483    0.871211    0.158120    0.061471    0.703168
    0.925489   -0.404230   -0.302016   -0.507016   -0.053989    0.709190
   -0.276460    0.184924    0.203462   -0.540705   -0.202317    0.515678
   -0.061846   -0.795449    0.305143    0.480664    0.987701    0.137906
   -0.476425   -0.975204   -0.822640    0.251581    0.624500    0.715366
    0.526964   -0.305347   -0.724428   -0.909646    0.358650    0.831645
    0.403514   -0.751503   -0.418694    0.437620   -0.138833    0.996227
   -0.660815   -0.058860   -0.013663   -0.924966   -0.932763    0.505757
    0.954010   -0.656392    0.311022   -0.346562   -0.717328   -0.393467
   -0.099376   -0.556558    0.105595    0.046965   -0.914320   -0.651002
    0.611992    0.947904   -0.930956   -0.676688   -0.925429   -0.233601
    0.005962   -0.079462    0.536528   -0.962533    0.419952   -0.828688
    0.529522   -0.264667    0.735205   -0.351619   -0.047743   -0.081404
    0.107688    0.894599   -0.880931    0.046472    0.586056    0.581021
   -0.159279    0.794489    0.705548   -0.571425    0.087468    0.231540
   -0.365043   -0.157090    0.355658    0.469160   -0.176243   -0.600972
    0.549187   -0.157859   -0.816366    0.363034   -0.384599   -0.866255
    0.473152    0.167028   -0.636338    0.547757    0.521746   -0.641496
   -0.387192   -0.930689    0.771195    0.710323   -0.050894    0.130630
    0.358514   -0.986708    0.203406    0.796013   -0.606502    0.556550
    0.504324    0.298927    0.398449    0.419345    0.459881    0.338144
   -0.295640    0.485361   -0.212030   -0.451833    0.896161    0.025061
   -0.390141    0.161364   -0.414657   -0.746676    0.891009    0.329283
    0.811180    0.628828   -0.926640   -0.712204   -0.515290    0.496143
   -0.374711    0.872512   -0.048285   -0.654367   -0.479242   -0.339787
   -0.630353    0.955549    0.495837    0.951043    0.919689   -0.276703
   -0.565114   -0.420690   -0.121164    0.843539    0.913961    0.017568
   -0.022322    0.338922    0.807150   -0.524348   -0.783892   -0.393977
    0.729969    0.601750    0.424301   -0.222561    0.243356    0.854339
   -0.144183   -0.758444   -0.898386   -0.341025    0.319150    0.702303
   -0.574209    0.395306   -0.067844   -0.479453    0.325689    0.504834
    0.349103    0.652163    0.716669    0.538649   -0.042591   -0.633899
    0.490408   -0.220785   -0.995163    0.458263    0.921203   -0.070010
    0.951034    0.592779   -0.417942    0.919234   -0.573634   -0.533469
    0.362731   -0.982478    0.338388   -0.279222   -0.083065    0.219535
   -0.676990   -0.625682   -0.290984   -0.052652   -0.581779    0.231835
    0.781665    0.123226   -0.244734    0.818961   -0.832853    0.571167
    0.458924    0.748188    0.560853   -0.298035    0.728794    0.974812
   -0.375513   -0.004574    0.320038   -0.345257   -0.215542    0.099514
   -0.048955   -0.558482    0.034494    0.404265   -0.579562    0.324292
   -0.279441   -0.449452   -0.968247   -0.976746    0.445346   -0.384541
    0.032594   -0.929481    0.546919   -0.092131    0.311005    0.699753
    0.985780    0.538707   -0.725271    0.637510    0.959091   -0.834652
    0.670953   -0.178429    0.953466   -0.406167    0.873739   -0.743577
    0.116375   -0.484194   -0.686530   -0.411828   -0.309541   -0.608298
   -0.857601    0.437593    0.464481   -0.790856   -0.825014    0.464150
    0.997681    0.395536   -0.258747    0.488144   -0.320596    0.062654
   -0.058887   -0.746569    0.619139    0.487857    0.815695    0.075859
   -0.900432   -0.722771    0.993031   -0.621998    0.139499   -0.788037
    0.289503   -0.370164    0.461423   -0.572358    0.156908    0.424236
   -0.497614    0.746490    0.852342    0.844810    0.547414   -0.441929
   -0.562602   -0.600206    0.512657    0.004298   -0.135198    0.098924
   -0.427907   -0.240464    0.972704    0.132283    0.370813    0.982880
   -0.743600   -0.576682    0.377061   -0.311482   -0.955641   -0.025986
   -0.856823    0.228475   -0.730951   -0.025944    0.830185   -0.802635
   -0.982807   -0.740297    0.668888    0.753669   -0.256568    0.304494
   -0.546412   -0.834716    0.959776    0.668179    0.925267    0.859049
    0.281042   -0.611590    0.439333    0.690676   -0.856828    0.379336
   -0.444638    0.119915    0.849513    0.491219    0.385938   -0.990307
    0.422621    0.264832   -0.729735   -0.109155   -0.860341   -0.245387
    0.697784    0.298923   -0.245811    0.980896   -0.253718   -0.402306
   -0.192508   -0.622780    0.844809    0.835818   -0.604095    0.205437
    0.233924    0.564704    0.850795   -0.124910   -0.937235   -0.163787
   -0.253934    0.597416   -0.653669   -0.376430    0.965758   -0.286896
   -0.797608    0.184264   -0.470761    0.611305   -0.541422    0.873819
    0.518246   -0.845139    0.500147   -0.341508    0.241973    0.477836
    0.449684    0.669006    0.786037   -0.157914    0.770050   -0.315891
   -0.392183    0.789197    0.701070   -0.268754   -0.058545    0.400700
   -0.067394    0.693327    0.856891    0.381030    0.587528   -0.756705
    0.208218    0.749194   -0.830897   -0.837062   -0.941970   -0.272603
    0.209067    0.381291    0.076589   -0.706445    0.350366   -0.778839
   -0.014011   -0.849910    0.307771   -0.679309   -0.619765   -0.410177
    0.502867    0.927276   -0.942125    0.742054    0.906106   -0.255490
   -0.425578    0.231087    0.877273   -0.244924   -0.381889   -0.121744
   -0.293245    0.884173   -0.531366    0.736704   -0.016564   -0.128122
    0.058612    0.227542   -0.497619    0.332319    0.591167   -0.919361
    0.358894    0.602890   -0.059646   -0.525425    0.580693    0.217878
    0.196448   -0.521400    0.419826    0.964581    0.380669    0.566674
   -0.663129    0.192757   -0.619266    0.793596    0.756272    0.440824
   -0.135837   -0.144237   -0.112527   -0.270276   -0.504105    0.295057
   -0.262082   -0.793787    0.315779    0.353660   -0.722723    0.439902
   -0.763431   -0.793325   -0.383392    0.140950   -0.148275    0.357716
   -0.260160    0.810626    0.111968    0.904499    0.969118   -0.360836
   -0.143348   -0.527479   -0.998139   -0.619943    0.123796   -0.664420
   -0.521777   -0.939149   -0.348743    0.117669    0.034300   -0.550468
   -0.044469    0.368092    0.483823   -0.174457   -0.310886   -0.358074
    0.707199    0.174580   -0.295930    0.975246    0.947222   -0.020961
    0.844261    0.363587   -0.100761    0.677600    0.576355   -0.281070
   -0.052299    0.756566    0.793213   -0.698359    0.775183    0.741436
   -0.566811    0.943913    0.904232    0.267690   -0.806594   -0.773130
   -0.533912    0.821313    0.050691   -0.905364    0.280345   -0.106590
    0.496409    0.932807    0.983104    0.283290   -0.040793    0.413831
    0.683772    0.744450    0.165739   -0.822947   -0.405346    0.711075
    0.741911    0.696098   -0.081759   -0.353893   -0.425874    0.247781
    0.875918   -0.895771    0.371485   -0.880887    0.181053   -0.115865
   -0.100661   -0.311139    0.786874    0.905867   -0.032276   -0.146038
    0.799154    0.328711   -0.450661    0.465014   -0.096860    0.985451
   -0.182558    0.772663   -0.615848    0.585976   -0.302069    0.277604
    0.602997    0.638523   -0.029829   -0.950798   -0.392557   -0.748092
   -0.623588    0.007545    0.168987   -0.039045    0.070239    0.602313
   -0.933188   -0.054685    0.848769    0.746683   -0.355068    0.711211
    0.934841    0.106244    0.941557    0.136924   -0.737210   -0.018036
   -0.977804    0.800388   -0.435938   -0.489681    0.099983    0.156978
   -0.414634   -0.407705    0.704994   -0.736397    0.485193   -0.900980
   -0.391928    0.863960    0.358767    0.687971   -0.258580    0.374844
   -0.506004    0.961755    0.345736   -0.777567   -0.920123    0.418568
   -0.936883   -0.048442    0.135661    0.972842    0.862513    0.868950
    0.224067   -0.277228   -0.342508    0.103729    0.977404    0.644199
   -0.596407   -0.123201    0.621618    0.980995   -0.066742    0.651374
   -0.725068   -0.242400   -0.869541    0.882398   -0.020032    0.447951
   -0.344904   -0.980990   -0.558313    0.847656   -0.327977    0.431040
   -0.114390   -0.350895    0.371827   -0.923125    0.479079   -0.271169
    0.677394   -0.167875    0.839949    0.579933   -0.878096   -0.599731
    0.875058    0.626035    0.927340    0.214049    0.112387   -0.940301
   -0.433820    0.883977   -0.623428   -0.948154    0.029754    0.418675
   -0.188377    0.036681    0.658678   -0.700124    0.407752   -0.439275
    0.380626   -0.547785   -0.098106   -0.468870   -0.182855    0.990880
   -0.628039   -0.871191   -0.037752    0.275711    0.578014   -0.881395
   -0.543021   -0.504424   -0.362886    0.437361   -0.749166    0.086931
    0.953514   -0.822102   -0.651959    0.358063   -0.294180   -0.771853
    0.466045   -0.619717   -0.796621   -0.278886   -0.160864   -0.246762
   -0.206673    0.920954   -0.528638   -0.447035   -0.441831    0.189339
    0.468531   -0.453909   -0.926289   -0.525266    0.666882    0.137141
   -0.542428    0.476926   -0.030309   -0.956475   -0.195856    0.072671
   -0.128171   -0.511376    0.195433   -0.463960    0.978731    0.045092
   -0.313128   -0.377263   -0.293657   -0.083799   -0.263245   -0.322663
   -0.381555    0.447083    0.189360   -0.517609    0.674924    0.352195
   -0.244863    0.465170    0.261346    0.516673    0.015804   -0.607495
   -0.880169    0.650840    0.241333   -0.084773    0.696660   -0.285605
    0.668882   -0.161865   -0.627738    0.441373    0.104829    0.236416
    0.620510   -0.743836   -0.594057   -0.723130    0.937386    0.154803
   -0.627701    0.829115   -0.606232    0.935893    0.549173    0.368286
   -0.740166   -0.112873    0.848797   -0.456015   -0.427272   -0.676131
   -0.022146    0.914869   -0.908125    0.221181    0.316541    0.948370
   -0.585289   -0.388914   -0.194620    0.042043    0.529855    0.360094
   -0.269828   -0.412124   -0.004595    0.916783   -0.548403    0.784520
   -0.612941   -0.612474   -0.420652    0.975103    0.988038    0.885687
   -0.097824    0.806784   -0.680691   -0.934535   -0.226763   -0.345461
   -0.666830   -0.572027    0.757134    0.541909    0.321604   -0.824502
   -0.494380   -0.352650   -0.353776    0.142188   -0.079069    0.124637
   -0.689702   -0.652127   -0.913199   -0.800686   -0.073318    0.827963
    0.954982   -0.977325    0.410652   -0.106098    0.815121   -0.238052
    0.368391   -0.380198   -0.167567   -0.676848    0.541182   -0.823403
    0.372542   -0.765253   -0.616299    0.484662   -0.243155   -0.492090
   -0.971124   -0.766367    0.591252    0.091433    0.108259   -0.032895
    0.181375   -0.089456   -0.436805   -0.512317   -0.622275   -0.937786
    0.211329    0.026861   -0.983286   -0.652577    0.611303   -0.882774
    0.020981   -0.503302   -0.522019   -0.854213   -0.710975    0.138330
    0.458565    0.409271    0.865797    0.661433    0.313952    0.848809
    0.927884    0.450386    0.762151    0.446008    0.789449    0.156274
   -0.637698   -0.308346    0.284011    0.700091    0.164807   -0.284116
    0.429517   -0.034927   -0.842351   -0.378337    0.198759    0.074206
   -0.757552    0.598267    0.151856    0.458714    0.528244   -0.339055
    0.173368   -0.731567   -0.652847    0.378582   -0.727553    0.884470
   -0.458182   -0.626377    0.174860    0.396755    0.556063   -0.629462
    0.490813   -0.748219   -0.102343   -0.509750    0.598029    0.906331
    0.978308    0.290961    0.533776   -0.850359    0.297085    0.432673
   -0.655019    0.019037   -0.071284   -0.145899    0.180620   -0.196441
   -0.832941    0.015044    0.329609   -0.879110    0.690260   -0.748839
   -0.555495   -0.221357    0.553441    0.306544   -0.039838   -0.915818
   -0.130033    0.635845   -0.406885   -0.084607    0.445679   -0.673441
   -0.111112    0.082129   -0.111550    0.649782   -0.066903    0.223416
   -0.915614    0.882989    0.906535   -0.337802   -0.716321   -0.745273
    0.515364   -0.886819    0.937437    0.069819    0.117807    0.312696
    0.056391   -0.910032    0.794450   -0.406501   -0.107380    0.273073
   -0.888140   -0.416220    0.162815    0.899124   -0.435104    0.611041
   -0.750090    0.147521    0.962994    0.996439   -0.236806    0.486394
    0.190670   -0.042140   -0.045133   -0.924003   -0.053229    0.871445
    0.624921    0.906978   -0.214908   -0.255310    0.818088   -0.483868
    0.640233   -0.217414    0.474336    0.776595   -0.755863    0.398270
    0.748797    0.890667    0.839095    0.857396   -0.956569    0.133454
   -0.292206    0.434441    0.131477    0.363924    0.199987    0.362925
    0.385020   -0.883970   -0.999047   -0.431230    0.095277    0.379006
   -0.410264   -0.950504    0.590054    0.311188   -0.918236   -0.170248
   -0.333619    0.454166   -0.576407    0.034018    0.360839    0.636088
    0.772795   -0.622297   -0.060853   -0.650541    0.691927   -0.157863
   -0.307369    0.347330    0.556158    0.545945   -0.344829   -0.490440
    0.338154    0.896776   -0.128227   -0.537453    0.255774   -0.980883
    0.831874    0.469915    0.639469    0.095343   -0.626801    0.298290
   -0.791485    0.131826    0.465005   -0.671332   -0.036574   -0.998747
    0.328018    0.826942    0.325679    0.722265   -0.765443    0.995168
   -0.063153    0.822122   -0.695051    0.163867    0.915396    0.089551
   -0.692394    0.958825   -0.650298   -0.662018    0.348194   -0.879004
   -0.751744   -0.301319   -0.007603   -0.102195    0.965814   -0.421604
    0.280906   -0.841091   -0.042955   -0.581485    0.863855    0.311008
   -0.209526   -0.008555    0.919935    0.040045   -0.329061   -0.130042
   -0.687295    0.423022   -0.693708   -0.899536    0.322338   -0.596798
    0.243886    0.581836   -0.619274    0.170952   -0.522036    0.549501
   -0.271045    0.954290   -0.266110    0.775109   -0.618857   -0.461877
    0.963486   -0.713288    0.843784   -0.461887    0.666288    0.569769
    0.343444    0.081120   -0.515620   -0.928930    0.219648    0.379274
    0.141066   -0.368035   -0.997450    0.773126   -0.225004   -0.314343
   -0.068557    0.477848    0.380385   -0.285149   -0.022328    0.210315
    0.002988    0.692639    0.112879    0.619188   -0.705016   -0.721957
   -0.554688    0.187088    0.060961   -0.465905    0.142177   -0.957801
    0.264337    0.781124    0.702247   -0.065150    0.120841   -0.423950
    0.089490   -0.327068   -0.765658    0.793992    0.793408    0.441506
   -0.930682    0.709824    0.372503    0.287769    0.107706    0.238408
   -0.921184   -0.128271    0.557959    0.919638    0.795145    0.955492
    0.036897   -0.378266   -0.548363   -0.741321    0.656825   -0.672277
    0.961216    0.209744   -0.770126    0.096954   -0.890964    0.988220
   -0.961048   -0.663150    0.674785    0.146591    0.492121    0.925546
    0.105590    0.247762   -0.330879   -0.817981   -0.191901   -0.137619
   -0.565314    0.371300   -0.461714   -0.248245    0.952034    0.226414
   -0.428230   -0.381925    0.088938    0.006499   -0.649118   -0.405680
   -0.092431   -0.440898    0.203990    0.702841   -0.453736    0.452801
    0.411417    0.365297   -0.941289    0.754266   -0.915658    0.495130
    0.820815   -0.338860    0.171871   -0.815442    0.951499    0.933916
    0.659892   -0.620053    0.504911   -0.858304    0.130119    0.393500
    0.794064    0.860067   -0.900738    0.345314    0.576201   -0.758098
   -0.284760    0.557283    0.794231    0.296637    0.023162   -0.933704
    0.763411    0.965290   -0.842232   -0.671688    0.150458    0.900900
    0.067151    0.153828    0.020726    0.368857   -0.765939    0.676576
    0.319310    0.566183   -0.470043    0.423735   -0.744813   -0.508715
    0.401398    0.462523   -0.158850   -0.797544    0.358169    0.511119
    0.525757   -0.476865    0.136184    0.082840   -0.346993   -0.128339
    0.749686    0.734196   -0.808943   -0.324635    0.055404    0.538011
    0.848705    0.853037   -0.983035    0.927079   -0.976552    0.659588
   -0.775161   -0.878272    0.175135    0.640150    0.272848   -0.545599
    0.327101    0.567323    0.192210   -0.872265    0.078777    0.134036
    0.969027    0.048262    0.087017   -0.132647   -0.746581    0.491041
    0.807354   -0.083721   -0.734861    0.029588   -0.940440    0.149521
   -0.546076   -0.301496   -0.333512   -0.231905    0.112005    0.155139
    0.613649   -0.665546   -0.437293    0.661613    0.864884   -0.041103
   -0.472826    0.948408    0.569217   -0.774618   -0.220552    0.532061
   -0.446403    0.289386    0.872060    0.221934   -0.827157    0.535354
    0.589301    0.221419   -0.616739   -0.417411    0.790197    0.123380
   -0.336906   -0.417220    0.219340   -0.093811    0.208042    0.902014
    0.516950    0.131354   -0.064082    0.313763    0.417304   -0.671943
    0.637090    0.381452   -0.920085    0.114368    0.434748   -0.741513
    0.438292   -0.024020   -0.704656    0.571564    0.080070   -0.437163
   -0.585871   -0.691511   -0.114672   -0.661286    0.268913   -0.050239
    0.529860    0.329669    0.779397    0.705513    0.046058   -0.129660
   -0.427828   -0.835524    0.527990    0.226180    0.898774    0.609339
   -0.886420    0.189564   -0.659906    0.168866    0.102637   -0.761612
   -0.202516   -0.158311    0.515719   -0.119142   -0.342324   -0.691864
    0.457259   -0.404133    0.335301    0.371980    0.745976   -0.779688
   -0.271989   -0.177695    0.796398   -0.055941   -0.134338    0.850534
   -0.732222   -0.353236    0.784699   -0.649689    0.249128    0.042875
    0.527501   -0.359864   -0.747076   -0.589094    0.847652   -0.227531
    0.312390    0.061782   -0.552491   -0.651891    0.232399   -0.421785
   -0.832641   -0.569503   -0.323490    0.444455   -0.910203   -0.724517
   -0.429606   -0.990752    0.624188   -0.734293   -0.106351    0.474148
    0.419787    0.321961   -0.450850    0.481716   -0.096411   -0.234756
   -0.234978   -0.640836    0.943264   -0.688283   -0.480249   -0.028178
   -0.858094   -0.200165    0.058837   -0.619743    0.538710   -0.165443
   -0.304826    0.911938    0.298675   -0.872877   -0.421869   -0.482750
   -0.447956   -0.855809   -0.936224   -0.928793   -0.084916   -0.569370
    0.078574   -0.141794    0.312208    0.705090    0.836154   -0.891156
    0.031715   -0.640250    0.640038    0.572607    0.437701    0.552868
   -0.012235   -0.683642    0.501776    0.996723   -0.960001   -0.185798
    0.228921    0.924308   -0.734785    0.278923   -0.324544    0.955260
    0.942749    0.920340    0.688523   -0.071343   -0.067837    0.629665
    0.085579   -0.699238    0.427424    0.676101   -0.528543   -0.444575
    0.923057   -0.814656   -0.678536   -0.203177    0.027050   -0.636005
    0.727637   -0.072165   -0.455603   -0.619774    0.583859   -0.755608
    0.514027   -0.341700    0.841658    0.076724    0.158198   -0.880334
    0.500565   -0.316811   -0.192123   -0.092945   -0.138362    0.168558
    0.797695    0.045782    0.223356    0.608764    0.691712   -0.688106
   -0.635585   -0.822989    0.354756   -0.742601    0.448375    0.208328
   -0.145856   -0.147663    0.356729   -0.581316    0.130163    0.027390
   -0.866539    0.808071   -0.048507   -0.763799   -0.266543   -0.996232
   -0.627659    0.573470   -0.717733    0.183780    0.669093   -0.191189
   -0.659064    0.413368   -0.147720   -0.726097    0.633200    0.493666
   -0.772643    0.020937    0.047692   -0.403022   -0.054798    0.122098
    0.813446   -0.157074   -0.458425   -0.510990   -0.376941   -0.554138
    0.158472   -0.830468   -0.587350    0.285126    0.856463    0.250250
   -0.393077   -0.633446   -0.570530    0.527475    0.317166    0.974535
   -0.865250   -0.600994   -0.010610    0.360737   -0.326934   -0.862202
    0.973957   -0.076213    0.129789   -0.568144    0.934604    0.738569
    0.183979   -0.788005    0.076930   -0.258488    0.543235    0.296285
    0.800444   -0.271957    0.371815   -0.589155   -0.653300   -0.127743
    0.561946    0.688391    0.257575   -0.044249   -0.221990    0.486667
   -0.951285    0.472917    0.535402    0.306058   -0.360304   -0.183221
    0.136176   -0.666150    0.025294    0.176823   -0.093432   -0.972955
   -0.794259    0.734739   -0.940431   -0.904920    0.907121   -0.246282
    0.863788    0.519260    0.975259   -0.295485   -0.078010   -0.956024
   -0.487983   -0.218927   -0.059780    0.183983   -0.596847    0.674617
    0.657797   -0.987863    0.888439   -0.927723    0.178422    0.635662
    0.823031   -0.356219    0.740973   -0.458565   -0.831480   -0.694744
   -0.316581   -0.363571    0.910336    0.434769   -0.259935   -0.488823
   -0.414673   -0.978987   -0.046118   -0.016173   -0.710309   -0.123212
   -0.204563   -0.064187    0.536237    0.473806    0.666429   -0.842376
   -0.711622   -0.371321    0.621513   -0.314418    0.732346   -0.061419
    0.563047    0.040377   -0.924162   -0.409832    0.364900    0.939724
   -0.354284   -0.830827    0.656327   -0.663967    0.005450    0.215592
   -0.859510   -0.692936   -0.652649    0.417280    0.779031    0.517055
    0.267188   -0.917824   -0.973457    0.296895   -0.575178   -0.210780
    0.169312    0.840619    0.835966    0.300169    0.161810    0.874941
    0.029915   -0.780554    0.538062   -0.120458    0.260087    0.914112
   -0.174487    0.436581    0.062240    0.503974    0.860912    0.645510
    0.180466   -0.300955    0.168285   -0.417578   -0.905168   -0.613845
    0.063175    0.697345    0.198978   -0.854197   -0.154429   -0.867723
    0.967823   -0.458014   -0.196858    0.235146    0.465854    0.624069
   -0.735848   -0.856894    0.714825    0.345858   -0.394062    0.490596
   -0.781229    0.938149    0.783395   -0.342731   -0.605574    0.387862
    0.174223   -0.891180   -0.920697    0.795214   -0.396802    0.405904
   -0.122810    0.626588   -0.502708   -0.464405    0.603491    0.946321
   -0.262195    0.899944    0.510722   -0.411602    0.769934   -0.899486
    0.427429   -0.925749   -0.812415    0.940655    0.601816   -0.072563
    0.651933   -0.298143   -0.706205   -0.445430   -0.469101    0.812087
    0.735085   -0.856765    0.699251    0.962406   -0.787298    0.380159
    0.323422    0.062159   -0.780717    0.075390   -0.970561   -0.512044
    0.120171   -0.796042    0.521295   -0.672575   -0.918704   -0.977832
    0.657089   -0.619618   -0.122480    0.859639    0.585340   -0.338092
    0.627114    0.665970   -0.773674    0.104746    0.584420   -0.149116
    0.353620   -0.168690    0.856564    0.230539    0.983401   -0.098343
   -0.191023   -0.562381   -0.991494   -0.377534    0.994526    0.532420
    0.027004   -0.789232   -0.881654    0.895256    0.751353    0.894600
    0.622874    0.837790    0.439723    0.852592    0.475424    0.558337
    0.336075   -0.953380    0.301377    0.303643    0.881099   -0.219723
   -0.939598    0.360044    0.799225   -0.301608    0.016608   -0.182828
    0.674511    0.827446    0.027817    0.670407    0.082588   -0.318768
   -0.976452   -0.075560    0.704686    0.378860    0.337390   -0.684666
   -0.591159    0.177721   -0.716536   -0.405305    0.045063    0.345922
   -0.491782   -0.117749    0.449509   -0.687177   -0.408619   -0.804335
    0.809697   -0.676699    0.363140    0.586944   -0.733401    0.915765
   -0.550139   -0.410388    0.130674   -0.784496    0.950708   -0.466762
    0.827675    0.975594   -0.872743    0.127739    0.886107    0.542825
    0.939832    0.861968    0.972152    0.713243    0.241061   -0.300386
    0.920923   -0.598504    0.086385    0.174258   -0.385126   -0.046681
   -0.168348   -0.760408    0.160689    0.102456    0.264603    0.296319
    0.849609    0.394549   -0.320362   -0.412870   -0.001296    0.024023
    0.015885   -0.209871    0.360620    0.937761   -0.082912   -0.354239
    0.454871    0.603426   -0.394172   -0.124744    0.067637    0.778723
   -0.000987   -0.287022   -0.244692   -0.430069    0.622928    0.157076
   -0.665284   -0.002585   -0.614358    0.792693    0.162442   -0.654099
   -0.571523   -0.075311   -0.670434   -0.966103   -0.230506   -0.454262
   -0.339269   -0.877447    0.074956    0.074468   -0.949849    0.975831
   -0.276017   -0.032751    0.401298    0.938559    0.426239    0.875989
   -0.333261   -0.407195    0.546984    0.971759    0.526847   -0.719981
   -0.918536   -0.222424    0.422435    0.745219   -0.075786    0.175899
    0.661771   -0.267334   -0.507897   -0.084567    0.674909   -0.107643
    0.275242   -0.798843    0.688224   -0.957988   -0.518360   -0.486667
    0.818851    0.268632   -0.673038   -0.645623    0.206372    0.430304
   -0.281430   -0.795402    0.138571    0.120425    0.682950   -0.122682
   -0.323810   -0.669926    0.634853    0.034268   -0.204287   -0.254790
   -0.932321   -0.902142    0.853796    0.755091    0.049476    0.170776
   -0.599210   -0.270605    0.994484    0.903827    0.630704    0.869300
    0.263946   -0.048556   -0.677461    0.956726    0.661023    0.079048
    0.079157    0.508720   -0.150674   -0.896937   -0.561665    0.189464
   -0.617392    0.052925   -0.780521    0.873638   -0.342522   -0.492962
    0.308179    0.762166   -0.775499    0.320745   -0.935437   -0.551211
   -0.248263    0.676694    0.352522   -0.314297    0.883062   -0.642927
   -0.004588    0.642008   -0.141692   -0.489541   -0.713508    0.005307
    0.314139    0.666983    0.228422    0.550604   -0.199405   -0.337218
   -0.773827   -0.546581    0.768873    0.790652   -0.345759    0.787755
   -0.761688   -0.918752    0.674303    0.889353   -0.803199    0.763998
   -0.373819    0.909237   -0.610230    0.051074    0.768144   -0.947662
   -0.140476    0.233982    0.336665   -0.545295   -0.795536   -0.657196
    0.076858    0.384380   -0.909648    0.214458    0.449460   -0.444161
    0.307481   -0.878085    0.944691    0.169025    0.867235    0.271376
    0.726334   -0.969969   -0.735261    0.436295    0.999283    0.658315
   -0.443722   -0.609725   -0.935422    0.018472    0.774365   -0.522460
    0.845528    0.340464   -0.721644    0.240422   -0.263946    0.406437
   -0.951330   -0.655527    0.728751   -0.538552    0.904892    0.660983
   -0.959584    0.870053   -0.964397    0.756836    0.962117    0.805213
   -0.303708    0.553751    0.276912    0.146201   -0.923572   -0.615356
    0.608270    0.270710   -0.540825   -0.021828    0.254050   -0.807104
    0.580813    0.134388   -0.823345   -0.518210    0.043009   -0.660332
    0.071267   -0.224190    0.268528   -0.820079   -0.434372   -0.238163
    0.624930    0.922065    0.375316   -0.415004   -0.601501    0.925425
    0.132257    0.517131    0.695159   -0.010555    0.667897    0.636338
    0.750945    0.565772   -0.694370    0.792490   -0.756825    0.436322
    0.564397   -0.175126    0.981361   -0.495108    0.274284    0.442663
    0.188162   -0.444267   -0.063530    0.767435    0.004693   -0.441210
    0.522071    0.312240    0.607459   -0.117166    0.486102    0.414342
    0.875240    0.350367   -0.954818   -0.569148    0.925322    0.326388
    0.933364    0.345518    0.378789   -0.695357   -0.348953   -0.714500
   -0.937734    0.781826    0.213696   -0.786409   -0.568561   -0.273316
   -0.088934    0.107833    0.505837    0.161783   -0.996958    0.605710
    0.581242   -0.574388    0.651781    0.486171    0.140060   -0.535219
   -0.172629   -0.496357   -0.464047    0.078580   -0.521336    0.135684
   -0.227046   -0.539850   -0.817208    0.718092    0.256196   -0.194189
   -0.484043    0.241146   -0.989192    0.175468    0.119950   -0.972447
    0.334178    0.420281   -0.176712    0.418109   -0.064297    0.422038
    0.482999   -0.650858   -0.749840   -0.405490   -0.606267    0.320236
    0.136747    0.756548   -0.868652    0.340121    0.658986    0.041569
    0.160634    0.431790    0.660197   -0.854779    0.431458    0.484842
   -0.763938   -0.398734   -0.333548   -0.018415    0.421788    0.494045
   -0.191360   -0.660722    0.497074   -0.315949   -0.139857    0.412748
   -0.612081    0.659942    0.379022    0.666521   -0.768763    0.893532
    0.179959   -0.154820    0.812328    0.554108   -0.781387    0.622434
    0.865485    0.907408    0.682328   -0.317569    0.285297    0.003925
   -0.508444    0.201532   -0.296042   -0.589298   -0.405783   -0.502753
    0.484742   -0.612653    0.589565   -0.228814   -0.868516    0.886479
    0.747469   -0.973535    0.681196   -0.761419    0.107763    0.547330
    0.047962   -0.222241   -0.714789   -0.329374    0.880187   -0.929957
   -0.528863    0.496622    0.915448   -0.063358    0.082043    0.022178
   -0.998819    0.843760    0.661914   -0.486556   -0.856623    0.837556
    0.083870   -0.426548    0.959553   -0.226243    0.189281   -0.093344
   -0.042782   -0.703561   -0.148533   -0.741066    0.894972    0.265025
   -0.951364   -0.187421    0.380342   -0.839743    0.604658    0.586088
    0.968556    0.349118   -0.024199   -0.560801    0.012962   -0.992231
   -0.045785    0.112994   -0.670761    0.432042    0.734626    0.320778
    0.352533    0.277943    0.852007   -0.072548   -0.160618   -0.744112
    0.259855   -0.687412    0.390998    0.435181    0.429197    0.954518
    0.477660    0.327111    0.850006   -0.678421   -0.896820    0.087348
   -0.997016    0.557188    0.720142    0.457425    0.059535   -0.805155
   -0.946601    0.995151   -0.754869    0.932320    0.150661   -0.405485
   -0.554334    0.756265   -0.059608   -0.371262   -0.349578    0.096566
   -0.242324   -0.555948   -0.504649    0.948568    0.095219   -0.023534
    0.105571   -0.422279   -0.853341   -0.334654    0.990388    0.221029
   -0.683799    0.919615    0.020525    0.061356    0.996293    0.599757
   -0.046439    0.171217    0.130128   -0.049121    0.058300    0.227345
    0.308790    0.928992   -0.915727   -0.387537   -0.992814   -0.902622
   -0.120760    0.401061    0.466130    0.826250    0.062566    0.588266
    0.550500   -0.762728   -0.139184   -0.273060    0.269268    0.239346
    0.938451   -0.171989    0.142973    0.630062    0.483571    0.581192
    0.967197   -0.459810    0.286388   -0.528664    0.744146    0.693297
    0.055957   -0.867983   -0.245177   -0.454932   -0.533357    0.534398
    0.832869   -0.474187   -0.678247   -0.790868   -0.273635    0.078020
   -0.289129   -0.526799   -0.263767   -0.668916   -0.568763   -0.568405
    0.728561    0.529467   -0.359610   -0.157192    0.411224    0.302390
    0.414396   -0.375775    0.068563    0.925591    0.037932   -0.936652
   -0.513153    0.816176   -0.927513   -0.902159   -0.492883    0.215626
    0.247101    0.239198    0.871126   -0.563824    0.253455    0.455753
    0.684532    0.706992    0.194998    0.064410   -0.478986    0.584988
   -0.698539   -0.241978    0.810744   -0.731373    0.981437    0.367872
   -0.520641   -0.321507    0.349571    0.868044   -0.242554    0.279151
   -0.224465   -0.895783   -0.601364    0.005585    0.813266   -0.057014
   -0.556668    0.464924    0.656842   -0.891332    0.733097    0.116116
    0.098224   -0.454821   -0.005736   -0.205567   -0.934180    0.304018
   -0.030343   -0.163767    0.993202   -0.192729   -0.325564   -0.254239
   -0.272034   -0.823450   -0.244163   -0.906875   -0.028319    0.770222
   -0.643588    0.746884    0.986495   -0.421809    0.900169    0.015790
    0.176436   -0.934628    0.302754   -0.742027    0.196309    0.682950
   -0.406592   -0.672957    0.213664   -0.364762    0.044984   -0.680588
    0.495269    0.114757   -0.530764    0.673906   -0.087179    0.465535
   -0.089131    0.810114    0.741838   -0.137013   -0.647607   -0.658424
    0.161345   -0.714071   -0.525155   -0.047838    0.123984    0.423399
   -0.175047   -0.537245    0.790112    0.487552    0.319812   -0.261281
   -0.283264   -0.951384   -0.325132   -0.755775   -0.135002   -0.507295
    0.188460    0.610974   -0.262741   -0.436507    0.502618   -0.025874
    0.412096    0.468471    0.272873   -0.292063    0.385951    0.901191
   -0.260376   -0.993803   -0.420754   -0.901324   -0.638491   -0.322961
   -0.548696    0.181932   -0.016076    0.502917    0.601048    0.300108
   -0.556416   -0.627629   -0.012457   -0.781138    0.941369   -0.727271
    0.817868    0.889293   -0.302042    0.300970   -0.950443    0.187764
   -0.135010    0.254881   -0.737728    0.445199    0.342226   -0.536974
    0.323441   -0.761868   -0.876122   -0.867927    0.722661   -0.549241
   -0.423593   -0.245417   -0.808805   -0.335367   -0.568402    0.697064
    0.511072   -0.898095    0.989430   -0.952236    0.539792    0.632410
   -0.410761    0.696881    0.751228    0.614222   -0.953891   -0.434881
   -0.115334    0.612970    0.061212   -0.063016   -0.999088    0.366182
   -0.346337    0.034682    0.896694    0.808117    0.934313   -0.473999
    0.571603    0.017820   -0.190569    0.461246    0.814171   -0.816007
   -0.693954   -0.766132   -0.670927    0.128188   -0.774140   -0.505546
   -0.153567   -0.405563    0.069239    0.266293   -0.016625    0.817742
   -0.335602   -0.799361   -0.844992   -0.820435   -0.711871   -0.778648
    0.900295    0.893443   -0.868118    0.067518    0.995759   -0.468138
    0.120850   -0.971001   -0.366045   -0.115924   -0.947024   -0.001010
   -0.195308   -0.553905    0.984450   -0.232987   -0.198859    0.928460
   -0.600508    0.150484   -0.275835    0.923332    0.504439   -0.994464
    0.822725    0.540626   -0.714281    0.224483   -0.679923   -0.999528
    0.432109   -0.910144   -0.771633    0.505287    0.718303   -0.945692
   -0.837667    0.202148   -0.871288    0.014384    0.308099    0.616730
    0.179912   -0.302976   -0.918240    0.410349   -0.085829   -0.145403
   -0.687905   -0.929206    0.444499   -0.342676    0.353590    0.192186
    0.142854    0.847817   -0.743151   -0.079554   -0.500296   -0.722201
    0.001531    0.716983    0.271146    0.381945   -0.240525   -0.190028
   -0.938921   -0.751040   -0.451362   -0.587984   -0.396246    0.104582
   -0.666350   -0.394768    0.211595    0.749842   -0.587321    0.475251
   -0.934695   -0.225969    0.405756    0.122535    0.328327    0.933447
   -0.608706   -0.590313   -0.743162    0.487344   -0.653293    0.927738
   -0.106466   -0.134700    0.711878    0.164018   -0.492181    0.540551
   -0.880029    0.384398    0.253655   -0.126871   -0.982356   -0.414135
   -0.484635   -0.050610    0.721830   -0.288394    0.974072   -0.399564
   -0.277830    0.211711    0.013667   -0.244569    0.438283    0.137727
    0.176123    0.537893   -0.097217   -0.914053   -0.389508   -0.952763
    0.701972   -0.983260    0.135974    0.087164    0.331232    0.084229
   -0.142563   -0.715670   -0.623626   -0.313093   -0.929409    0.509233
    0.485547    0.818831    0.900153   -0.359054   -0.982916    0.319739
    0.556534   -0.375887    0.395177    0.217607   -0.159292   -0.404383
    0.939140   -0.018663   -0.845966    0.831377   -0.204829   -0.436460
   -0.904586   -0.729800    0.400724   -0.549937    0.482623    0.248899
   -0.090242    0.314385    0.641679    0.288375   -0.041556    0.541568
   -0.352531    0.517307   -0.091387    0.861193    0.427945    0.426513
    0.271920   -0.641070   -0.762879   -0.202473    0.220481    0.615831
    0.910459   -0.641504   -0.746586   -0.249801   -0.969137    0.585256
    0.963696   -0.495779   -0.344793    0.414263    0.757129    0.013631
    0.174546    0.248950   -0.529239   -0.167356    0.876975    0.601836
   -0.585386   -0.435511   -0.043277   -0.090783   -0.306505   -0.854084
    0.087386    0.910587   -0.860969   -0.619828   -0.955639   -0.548895
    0.276205    0.177072   -0.013578   -0.579400    0.717998    0.282742
    0.649169    0.312737    0.727443   -0.859644    0.903355    0.218657
    0.091030   -0.947695    0.603691    0.227459   -0.334455   -0.027240
   -0.618791    0.255472    0.477896   -0.656774   -0.175234   -0.481425
    0.880813    0.593278    0.197228    0.279504   -0.541054   -0.921433
   -0.349553   -0.038137    0.240321   -0.861841   -0.617639   -0.852205
    0.871996    0.810522    0.513732   -0.064262    0.426343    0.641628
    0.299740   -0.257483    0.133247    0.332971    0.957505   -0.419032
    0.494094   -0.621608    0.405156    0.803868    0.075918    0.561987
   -0.944896    0.243662    0.108052   -0.098359    0.714727   -0.968732
   -0.463110   -0.228083    0.847186   -0.411226    0.292526   -0.438677
    0.081331   -0.278853   -0.893376   -0.868588    0.787225   -0.341293
    0.234177    0.451907   -0.310967    0.545569    0.344502    0.740377
   -0.064970    0.291584    0.716629    0.352200    0.660452   -0.542200
    0.101658    0.517726    0.549670   -0.916580   -0.239488   -0.264824
    0.904875   -0.117776   -0.677137    0.575953   -0.934824    0.131638
   -0.574481   -0.379686    0.320702    0.624769   -0.918546    0.089177
   -0.060902   -0.844108    0.703869    0.127545   -0.298477   -0.732525
    0.875682   -0.592432    0.755117   -0.847143    0.749984   -0.030030
   -0.873833   -0.759264   -0.325862    0.449950   -0.924378    0.461019
   -0.125988   -0.006850    0.030132    0.795200   -0.989945   -0.814260
    0.549029   -0.344509   -0.684332   -0.597023    0.963274   -0.049933
   -0.234328    0.083205   -0.284884    0.191449    0.031585    0.978803
    0.135186   -0.010184   -0.603992   -0.314140   -0.890953    0.692823
    0.480168    0.792201    0.455734   -0.982864    0.933524    0.940387
    0.811495   -0.070997    0.248550    0.027010    0.665091    0.715792
    0.045961   -0.185714   -0.598801    0.926032    0.326428    0.213368
   -0.417562   -0.551068    0.686608   -0.936239    0.165066    0.399140
    0.268177    0.155050    0.278847    0.858589    0.936064   -0.586945
   -0.488370    0.487448    0.883445   -0.253579   -0.299904   -0.207298
   -0.975186    0.189609    0.677868    0.857128    0.583322    0.153897
   -0.378493    0.015443   -0.513844   -0.860195    0.732799   -0.268676
   -0.719733   -0.048154    0.140067    0.715890    0.446489   -0.563451
   -0.683438    0.579001   -0.927487    0.669159   -0.983066    0.249292
   -0.582835    0.848733   -0.232772    0.546941    0.717822    0.919992
    0.004418   -0.697695    0.003173   -0.555119    0.605471   -0.666969
   -0.990641   -0.972155   -0.942670   -0.179941    0.000565   -0.331066
   -0.724178   -0.405604   -0.052876   -0.034336   -0.060899    0.887007
   -0.484509   -0.235197    0.808756    0.505903    0.037350   -0.076717
   -0.374355    0.408859   -0.969691   -0.638543    0.848082   -0.426108
    0.759635   -0.510209    0.989110   -0.196174   -0.061728    0.436363
    0.706854    0.511282   -0.205119   -0.257119   -0.814039    0.241244
   -0.044117   -0.280132   -0.577161   -0.749883   -0.914217    0.706164
    0.088274   -0.583786    0.124402   -0.311210   -0.981166    0.576153
    0.760372    0.420659    0.993891    0.024467   -0.316656    0.572955
   -0.397951   -0.137220   -0.390740    0.678173   -0.191378   -0.364850
   -0.756920   -0.914238    0.687987    0.104076    0.701014   -0.689335
    0.592175   -0.133010    0.741730    0.351149   -0.341848   -0.520892
    0.704891   -0.120559   -0.132253    0.942194   -0.844467   -0.527574
   -0.423969   -0.340906    0.021565    0.155147   -0.624788    0.002065
    0.173357   -0.613495   -0.064991   -0.645722   -0.384890   -0.834377
   -0.150670    0.104582   -0.478975   -0.058282   -0.242143    0.960982
    0.848298    0.676707   -0.821629    0.173251   -0.969072   -0.483420
    0.421166   -0.410607    0.040045    0.435783    0.356392    0.049826
   -0.404575   -0.414135   -0.063037    0.130303   -0.676152   -0.135772
   -0.258475    0.071259    0.842872    0.017756    0.878775    0.966724
    0.772786   -0.759298    0.393268    0.936851    0.178825    0.820427
   -0.183502    0.898253   -0.092675   -0.257100    0.940972    0.659878
    0.937635    0.980957   -0.013621    0.170005   -0.145586    0.559180
   -0.937757    0.304152   -0.058903   -0.755351   -0.542602   -0.021068
    0.836102    0.634569   -0.211154    0.872769    0.724247   -0.258880
   -0.547614    0.185427    0.736080    0.292798    0.740529    0.632287
   -0.719538    0.307147   -0.174554   -0.347810    0.398482   -0.713884
    0.085674   -0.123410   -0.443738   -0.076761    0.575796   -0.125492
    0.522485   -0.453221    0.458037    0.178629   -0.264800    0.421446
    0.419361   -0.534018    0.963697    0.001610    0.687090    0.896462
    0.975017   -0.460853    0.915432   -0.916192   -0.921676   -0.001422
    0.010288   -0.391842    0.430529    0.994887   -0.379959   -0.075412
    0.426376    0.849159    0.773374    0.212671   -0.499857    0.711954
    0.708320   -0.111984   -0.839507   -0.449153   -0.589681    0.307641
   -0.031216    0.505080    0.289651   -0.037483    0.727117   -0.937789
    0.998845    0.781011   -0.167595    0.056029   -0.539387   -0.276004
    0.912176    0.058005    0.348999   -0.198781    0.663083    0.149680
    0.028299    0.909268    0.780253   -0.800632   -0.782851   -0.988260
   -0.968997    0.821820   -0.501149   -0.058794    0.230708   -0.839893
   -0.013672   -0.639828    0.656499   -0.318896   -0.173981    0.015339
    0.293388    0.840421   -0.048215    0.491504    0.298187   -0.459027
    0.433386    0.694199    0.222520    0.669038   -0.260375   -0.413101
   -0.674023   -0.853988   -0.020995    0.025296   -0.528256    0.506979
   -0.743103   -0.222401    0.051623   -0.767340   -0.671254    0.985934
   -0.312937    0.866115    0.864536    0.364656    0.369904   -0.551601
   -0.531553   -0.256579   -0.503139    0.363110    0.182010   -0.418296
   -0.580496   -0.398612    0.571804   -0.376147    0.839298    0.434331
    0.564320   -0.069434   -0.026700   -0.268376   -0.435469    0.910092
    0.083074   -0.536201   -0.917885   -0.774977    0.655111   -0.918187
    0.146208    0.457923    0.359033   -0.587249   -0.102056   -0.877163
   -0.133852   -0.111468    0.825528   -0.537445   -0.515073    0.880097
    0.721503   -0.851268   -0.971777   -0.475983   -0.266792   -0.282860
   -0.942596   -0.308924    0.473654    0.144485   -0.770079    0.046948
   -0.714930   -0.712792   -0.899048   -0.182022   -0.432293    0.952731
    0.706321   -0.842182    0.834588    0.826886    0.420773    0.449404
   -0.108861   -0.803344   -0.943171   -0.782466   -0.859108   -0.635686
    0.159878    0.371240   -0.162260    0.971393   -0.393462    0.974994
    0.698964    0.597242    0.317211   -0.105315    0.607210    0.250786
   -0.764829   -0.352968   -0.714996   -0.938627   -0.369553   -0.204469
    0.202868    0.789824   -0.462009   -0.518339    0.604811    0.197793
    0.847535   -0.727033   -0.642317    0.969941   -0.128837    0.113293
   -0.435958    0.665838   -0.694762    0.099176   -0.468329    0.529777
   -0.727405    0.791799   -0.149067   -0.551797    0.918246    0.358943
    0.954905    0.424563    0.346630    0.889569    0.375419    0.131412
   -0.301752   -0.490315   -0.391798    0.646157   -0.480489    0.040491
    0.968036   -0.516078   -0.816453   -0.302293   -0.862672    0.536798
    0.956379    0.333886   -0.357049   -0.679107   -0.319618    0.313199
   -0.816314   -0.998637    0.906398   -0.656765   -0.698003    0.857136
    0.192991    0.059143   -0.831299    0.732565    0.616422   -0.387546
    0.568506   -0.164837    0.835492   -0.279058    0.238578    0.917582
    0.114971    0.721810   -0.799052    0.482105    0.730242    0.218564
   -0.048810   -0.285126   -0.103606   -0.287743   -0.270566    0.005904
    0.745714    0.154218    0.301282    0.317597   -0.387694   -0.465419
   -0.825718   -0.274305    0.632062    0.318799    0.769156    0.098125
    0.561454   -0.185425   -0.663741    0.424888    0.283281    0.117132
   -0.222544   -0.047571   -0.053837    0.230967    0.979129   -0.230318
    0.853627   -0.256474    0.061084   -0.302559    0.533839   -0.368956
    0.476439   -0.650555   -0.250883    0.725183   -0.020142    0.666283
   -0.176704   -0.224839   -0.161802   -0.904892
