    0.083669    0.276085    0.081043   -0.941722    0.449420   -0.815197
    0.555030    0.927004   -0.173357   -0.675818    0.844241    0.769788
   -0.582927    0.009825   -0.621074   -0.906633    0.927663   -0.278880
   -0.266262    0.900632    0.580378    0.011370   -0.052262    0.120288
    0.917793   -0.506343   -0.588418   -0.589745    0.432910   -0.320558
    0.563381    0.980758   -0.643867   -0.543967    0.156731    0.964427
    0.501849    0.632753   -0.277094    0.577699    0.809036    0.788322
    0.201864    0.740132   -0.128129   -0.083287   -0.244528   -0.542969
    0.229624    0.753147    0.067820    0.570032   -0.088853   -0.768859
    0.497150    0.021373   -0.377163   -0.305305    0.214770   -0.374479
    0.657303    0.399252    0.250639    0.755858    0.123700    0.130968
   -0.625586    0.251759    0.721702   -0.380129   -0.355311    0.016184
   -0.252683   -0.660034    0.593545    0.504205   -0.776028   -0.190549
    0.786947    0.523952    0.997143   -0.484004    0.840150    0.036593
   -0.488108   -0.262722    0.087065   -0.740433   -0.055979    0.470432
   -0.942419    0.847052   -0.846015    0.498965   -0.903037   -0.377038
    0.602367    0.963618   -0.521801   -0.380180    0.539591    0.590147
    0.930862    0.548879    0.959219   -0.983610    0.383547   -0.877298
    0.233442   -0.737639   -0.052434   -0.733525   -0.288147   -0.943772
    0.930933    0.126043   -0.219308   -0.886804   -0.786907   -0.705004
    0.981964    0.999121    0.505626    0.544432    0.433426   -0.383239
   -0.242020   -0.101947   -0.119779   -0.767517    0.990140   -0.837591
    0.547018    0.317818   -0.400617    0.678385   -0.481496    0.359979
   -0.418033   -0.389814   -0.890293    0.085303    0.498991    0.730962
    0.029721   -0.956336   -0.964548   -0.723549    0.646400   -0.544758
    0.896715    0.522760   -0.361983   -0.079819    0.640433   -0.321460
    0.855607    0.717278    0.075811    0.138189   -0.078332    0.282148
   -0.427985   -0.766902    0.401534    0.374602   -0.340620    0.086475
    0.813193   -0.298668    0.876925    0.804628   -0.892071   -0.273763
   -0.876459   -0.839833   -0.544888    0.507740   -0.343058    0.214810
   -0.534958   -0.123731    0.534168    0.835835   -0.210533   -0.101115
   -0.492078   -0.441491   -0.319844   -0.281778    0.359541   -0.718394
    0.458028   -0.943293    0.619843    0.071429   -0.068585    0.670194
   -0.692437   -0.841051   -0.825326   -0.931966   -0.199973    0.599611
   -0.080584   -0.391050    0.701273   -0.232144   -0.537180   -0.044768
    0.239971    0.758018   -0.950961   -0.836998    0.747462    0.258298
    0.939184   -0.113689    0.405827    0.183138    0.170379    0.314455
   -0.423822   -0.013548   -0.494901    0.803376   -0.796412   -0.457746
   -0.965379    0.802012   -0.188102   -0.203097   -0.249973    0.659400
    0.426140   -0.711297   -0.503616    0.578050   -0.501173    0.205786
   -0.996685    0.618809    0.371872   -0.280464    0.952790    0.273900
   -0.114272    0.929939   -0.774297    0.423288   -0.618007    0.140859
   -0.720110    0.845830   -0.239612    0.496985    0.644881    0.002383
    0.671119    0.066414   -0.042023    0.763240    0.160716    0.944864
   -0.523762    0.314124    0.869233   -0.226092    0.316312   -0.942358
    0.818997   -0.998853    0.035652   -0.529057    0.673068   -0.607696
   -0.346009    0.037733    0.573947   -0.002842   -0.729759   -0.934237
    0.546274    0.125737   -0.184076   -0.024216   -0.943824    0.357464
    0.140584    0.004172   -0.675194    0.817101    0.448313    0.272435
    0.471180    0.966009    0.468671   -0.733029   -0.684417    0.996297
    0.016187    0.744332   -0.760124   -0.888789    0.977143   -0.823695
    0.641278    0.143666   -0.501465   -0.516196    0.134884    0.352317
   -0.300726   -0.030476   -0.214654   -0.686400   -0.272308    0.138202
   -0.980921   -0.400037    0.682368   -0.752505   -0.693236   -0.791475
   -0.789037    0.553752    0.803564    0.555248    0.787779   -0.475777
   -0.610106    0.592834    0.898972    0.280664   -0.041952   -0.113584
   -0.770199   -0.525506    0.492660   -0.203025   -0.694192    0.283234
    0.593177   -0.670996   -0.246905   -0.516557    0.848758   -0.196057
   -0.618790    0.577000   -0.072464   -0.129437   -0.045567   -0.648446
   -0.904341   -0.592103    0.989430   -0.710524   -0.927951    0.145671
    0.418929   -0.096747    0.812643   -0.395648    0.156600    0.930230
   -0.190729    0.472519   -0.286896    0.535970    0.578658    0.563615
    0.757883   -0.456249   -0.674870   -0.233707   -0.506507    0.445566
    0.281329   -0.154735   -0.456242    0.754066    0.047247   -0.604125
    0.939917    0.839691    0.945500    0.200115    0.732431   -0.046800
   -0.743102   -0.250755    0.031845    0.637893    0.429407    0.449921
   -0.369092   -0.184008    0.717744    0.702712   -0.064862    0.597175
   -0.530094   -0.393551   -0.660043    0.299014   -0.889761    0.550701
    0.506401   -0.371939   -0.885407    0.697441    0.411608    0.371572
    0.533769   -0.431685    0.190554    0.830998   -0.273057    0.104300
    0.511771    0.363707    0.128249   -0.039045    0.430655   -0.620905
    0.900588    0.324592    0.968007    0.781030   -0.410785    0.190357
    0.127282   -0.476238   -0.797103    0.741580    0.906210    0.089303
   -0.992663   -0.493739   -0.906786   -0.696326   -0.649602   -0.284480
    0.346731    0.700637   -0.006035    0.071166    0.795249    0.344779
   -0.488466   -0.495757   -0.735560    0.696016   -0.563040   -0.205505
    0.488164    0.202568    0.128531    0.360107    0.042667    0.999381
    0.650019    0.573968    0.939756    0.243475   -0.460654   -0.490427
    0.052116    0.835724    0.544442    0.470594    0.361940    0.948735
    0.383148    0.733130   -0.390165   -0.439470    0.110315   -0.872079
   -0.658515    0.975119    0.289313    0.704901    0.409285    0.696506
    0.256189    0.761452    0.497992   -0.646683   -0.553762    0.652391
    0.036192    0.803840    0.513475    0.676536   -0.140446    0.553983
    0.122698    0.571452   -0.367666    0.567256   -0.263248   -0.796412
   -0.323437    0.023484   -0.402532    0.159743   -0.041012    0.256112
   -0.781677    0.852194   -0.584851   -0.001163    0.431177    0.173750
    0.726648   -0.628873   -0.221400    0.111666    0.020789    0.513653
    0.793830   -0.664069    0.298203    0.866346    0.385391    0.260664
   -0.071297    0.180874    0.500655   -0.679805    0.335381   -0.329725
    0.525297   -0.186216   -0.838356   -0.831567    0.167784   -0.729104
    0.377878   -0.689950   -0.846788    0.654856    0.721844    0.125858
    0.976873    0.687718   -0.338338   -0.645021    0.614111    0.039870
   -0.953663   -0.851397    0.900872    0.617565   -0.995837   -0.273757
   -0.183740    0.096310   -0.316614    0.430928    0.311083   -0.532261
   -0.588858    0.434315   -0.902446   -0.152764   -0.019165    0.808870
   -0.552963    0.550498    0.089116    0.527537    0.800686    0.582562
    0.510861    0.872686    0.152786   -0.684982    0.404857   -0.890050
    0.022316    0.352117    0.571330    0.664064    0.863192   -0.307562
   -0.421981   -0.642723    0.219369   -0.235715    0.418179    0.288967
   -0.261134   -0.377852   -0.886262   -0.950237   -0.921047    0.173521
   -0.429428    0.780866    0.836788    0.144996   -0.108966   -0.707502
   -0.811573   -0.073354    0.556240    0.788301   -0.545501   -0.695657
    0.950115    0.945709    0.807341   -0.054995   -0.217290   -0.362255
   -0.704431   -0.239742    0.397226    0.807201    0.381263    0.792969
   -0.216865   -0.550978   -0.444019    0.213593   -0.800843   -0.294878
    0.710860    0.450144   -0.465299   -0.896078    0.758127   -0.756067
    0.353283   -0.622604    0.613317   -0.865256    0.209374    0.848735
   -0.346720   -0.302587   -0.994707   -0.383836   -0.736957   -0.560172
   -0.813360   -0.927608    0.822157   -0.876315   -0.377440   -0.322785
   -0.820884   -0.288554    0.343409   -0.603704    0.526356    0.350500
   -0.170161    0.946980    0.667543   -0.657339    0.563391    0.223638
    0.759247   -0.001170    0.012019    0.115476   -0.299781   -0.527302
    0.467598   -0.117142    0.972384    0.619484   -0.349676   -0.177971
   -0.177091    0.090318    0.016638   -0.416225    0.857496   -0.168018
   -0.369872    0.490214   -0.635669    0.243554   -0.706455   -0.649884
   -0.771054   -0.730500    0.670770    0.052772   -0.604860    0.946820
   -0.104953    0.178704    0.611171   -0.585887    0.265509    0.312419
   -0.882046   -0.300001   -0.958988   -0.457376    0.465012    0.702853
   -0.302763    0.779732    0.618389   -0.755372    0.261784    0.693900
    0.162554   -0.245035    0.718236    0.668028    0.135051    0.006979
    0.731857    0.353186   -0.441419   -0.294454    0.438006    0.529184
    0.763342    0.534664   -0.772669    0.880990   -0.835974    0.544684
    0.825359    0.007408    0.906595    0.154187    0.908549    0.058251
    0.199011   -0.794854    0.108066    0.977667   -0.429098   -0.072758
    0.938384   -0.165513   -0.251836   -0.810474    0.599934    0.518585
    0.758369   -0.135377   -0.176302    0.346499   -0.767198   -0.369331
   -0.490479   -0.764225    0.271798   -0.028270   -0.018426    0.436227
   -0.062671    0.212052   -0.907441    0.830737    0.944254    0.577504
    0.720656    0.724682   -0.876104   -0.804504   -0.274805    0.041469
    0.042842   -0.736360   -0.591673    0.882019   -0.207388    0.137227
   -0.720312   -0.531603    0.753645   -0.284945    0.190466    0.256978
   -0.804899    0.625321   -0.185541   -0.119460    0.460458   -0.831414
    0.778159    0.453492   -0.960938   -0.396052    0.899453   -0.560995
   -0.242430   -0.992018    0.693931    0.080330   -0.727321   -0.511329
   -0.349727   -0.574806    0.338991   -0.855334   -0.081125    0.533203
   -0.551153    0.513657    0.679123    0.938500    0.853228    0.015230
    0.716465   -0.555994   -0.036958    0.073243   -0.468123    0.908045
    0.889533    0.405110    0.772356    0.665549    0.000549    0.884921
    0.198310   -0.829968   -0.759648    0.572592    0.542119   -0.881874
   -0.163493    0.257739    0.512736   -0.631793   -0.732052   -0.904275
    0.175280   -0.914372   -0.698152   -0.094531   -0.118476    0.049638
   -0.153540   -0.179369    0.844660   -0.457745   -0.989219    0.534063
    0.275024   -0.241533   -0.073623   -0.059484   -0.644519    0.191560
   -0.776986    0.686784    0.159175    0.534039    0.079997    0.364066
    0.717772   -0.955025   -0.287667   -0.339769   -0.124645   -0.376251
   -0.644803   -0.197090    0.068568    0.487343   -0.571757    0.245361
   -0.940128    0.493496   -0.253480    0.652511    0.118862   -0.109884
   -0.619134   -0.458396   -0.578988    0.911810   -0.545715   -0.315852
   -0.631550    0.903512    0.650069   -0.312799   -0.210060    0.796479
   -0.673331    0.706948   -0.842370    0.659734   -0.612279   -0.992121
    0.360169    0.481966    0.578090   -0.786419    0.369737    0.693997
   -0.082086    0.102560    0.550333   -0.699343    0.202531   -0.893703
    0.426123    0.662316   -0.505240   -0.850542    0.182372   -0.634020
   -0.864000   -0.197205    0.353638    0.949165    0.415996   -0.789613
   -0.498300   -0.675996    0.408326   -0.883964   -0.348855    0.871941
    0.940227   -0.364837    0.348452    0.277100    0.807316    0.335582
    0.537799   -0.435711   -0.875086    0.331955   -0.747927    0.330675
    0.025428    0.774125    0.890659    0.417658   -0.509919   -0.213117
   -0.093678   -0.994115   -0.431442   -0.816427   -0.963903   -0.919174
   -0.758297    0.708998   -0.289669    0.679067   -0.882863    0.879649
    0.069148   -0.979526    0.363003    0.003662    0.458786    0.889042
    0.047268   -0.581491    0.111196   -0.883407    0.981698    0.445550
   -0.919315   -0.919096    0.490957   -0.334816   -0.354783    0.030771
    0.429006   -0.413105    0.663908    0.041891   -0.437385    0.740932
    0.554144    0.891278   -0.717868   -0.984689    0.733054    0.527430
   -0.413484   -0.084760   -0.360241    0.861306   -0.632678    0.847717
    0.879786    0.754831   -0.249758    0.762413    0.861736    0.043980
   -0.731390    0.128090   -0.904045   -0.815513   -0.931111    0.292966
    0.833070    0.158668    0.460259   -0.209271   -0.107841    0.007429
    0.209894   -0.537844    0.081304    0.582107    0.174301   -0.832337
    0.927844   -0.402911    0.971148    0.136299    0.940277   -0.364816
    0.741932   -0.431621    0.064433    0.247880   -0.160682   -0.655171
    0.674215   -0.813947    0.922284    0.804937   -0.842537   -0.817180
   -0.606550    0.147612   -0.848147    0.247622    0.332511   -0.117676
   -0.275313    0.309487    0.507832   -0.224368   -0.489245    0.409606
    0.149551   -0.447866    0.079021   -0.978939   -0.391998    0.356745
   -0.613129   -0.180605   -0.092262   -0.112675    0.348517    0.901843
   -0.607516    0.666185   -0.602346    0.591142    0.913584   -0.812558
   -0.221251   -0.423549   -0.129103   -0.948993   -0.938995   -0.815134
   -0.746159    0.478920   -0.924263   -0.841948   -0.850181    0.675186
   -0.908881    0.950680    0.195992   -0.134751   -0.898816    0.498221
    0.645650    0.280608   -0.284118    0.297876   -0.793991   -0.587673
    0.209145    0.168582    0.675631    0.295662   -0.769108   -0.900057
   -0.182737   -0.515308   -0.659982    0.870453    0.432436    0.698347
    0.019892   -0.940150    0.517669    0.815537   -0.386946   -0.131522
   -0.552145    0.016215   -0.815265   -0.319259    0.252501    0.335313
   -0.719951   -0.395188   -0.521146   -0.533462   -0.793653   -0.328708
   -0.219653    0.207528   -0.875735   -0.497684    0.278382   -0.882835
   -0.654485   -0.411346    0.365950    0.596033   -0.588307    0.887338
   -0.385745    0.009802    0.114034    0.679951    0.346262   -0.762178
    0.878586    0.229835   -0.794244    0.490650    0.160318    0.764293
   -0.383496   -0.104464    0.192668   -0.178095   -0.002100   -0.780728
   -0.894613   -0.385987    0.892272    0.693305    0.362997    0.218290
   -0.415985    0.585662    0.107474    0.481568    0.274077    0.696862
    0.264578    0.035556    0.676267    0.595240    0.995647    0.824530
    0.263505    0.141101    0.647779   -0.479311   -0.798544    0.618992
   -0.979155   -0.872056   -0.025070    0.698616    0.233217    0.411902
    0.145044   -0.794607   -0.142343    0.159715   -0.266713    0.911655
    0.804900    0.861873    0.465719   -0.117643    0.881490   -0.651164
    0.712096    0.904365    0.689695    0.514752    0.271334    0.490913
   -0.608787    0.227298   -0.829527   -0.658280    0.180447    0.227157
   -0.824675   -0.710357    0.356771   -0.122982    0.683952    0.930706
    0.859892   -0.680506   -0.758989   -0.054445   -0.344924    0.796129
   -0.683824   -0.589486   -0.391951    0.117191    0.883404   -0.046861
    0.292080   -0.804466   -0.117339   -0.011768   -0.970985    0.302937
   -0.150905   -0.705182    0.522552    0.207123   -0.735926    0.403431
    0.592087   -0.890990    0.200710    0.323946    0.695408   -0.396112
   -0.959613   -0.000165   -0.993804    0.692440    0.673037   -0.138480
    0.036383   -0.597665   -0.537642   -0.806016    0.558657   -0.976279
   -0.593453   -0.806743    0.925836    0.023586   -0.472882    0.006766
   -0.123600   -0.308911    0.186766   -0.369934   -0.701327   -0.903276
   -0.877161   -0.920955   -0.198786    0.654562   -0.258495   -0.263399
    0.077579    0.370518   -0.733015    0.938426    0.723358    0.623898
   -0.848405    0.108884   -0.024507   -0.368066    0.289445    0.189583
   -0.884106   -0.992298    0.736070   -0.598195    0.305077    0.666060
   -0.095044   -0.329647    0.561460    0.658981   -0.915325    0.840087
    0.397553   -0.580116   -0.356423   -0.579598    0.328585   -0.645959
    0.685163   -0.883826    0.009292    0.699635   -0.595985   -0.100753
    0.757984    0.056529    0.174414    0.559414    0.598557   -0.978414
   -0.484470   -0.147195   -0.435962   -0.437512   -0.979952   -0.000349
   -0.050641   -0.474089   -0.329634   -0.453061   -0.018977    0.364852
    0.168799    0.450330   -0.066844   -0.584682   -0.617225    0.358163
    0.542841    0.868751   -0.592099   -0.871383   -0.776070   -0.985285
   -0.628163   -0.108323    0.232910    0.826207    0.477741    0.220959
    0.199992   -0.651103   -0.254887    0.625138   -0.845537    0.766261
    0.365186   -0.311364   -0.480859   -0.185812   -0.046309    0.763549
   -0.548023   -0.696745    0.533717    0.630294    0.194730    0.049309
   -0.753063    0.397796    0.490369   -0.140931    0.448440   -0.526639
    0.289084   -0.809644    0.849043   -0.037169   -0.887336   -0.052237
    0.897300   -0.422317   -0.637406    0.916299    0.973466   -0.571908
   -0.069327   -0.992154    0.570694   -0.738739    0.471961   -0.346564
    0.400447    0.761271    0.952686    0.931000    0.119833    0.071692
   -0.745911    0.645669   -0.228435   -0.816355    0.620172   -0.404800
    0.288664   -0.100956    0.895318   -0.319945   -0.886913   -0.186303
   -0.217280    0.674984    0.691485    0.975297    0.194301   -0.977801
    0.036013   -0.470499   -0.918196   -0.216122   -0.947702   -0.915001
   -0.756381    0.696099    0.709403   -0.709915    0.229164   -0.119666
   -0.291499   -0.610423   -0.367094    0.677967    0.750507    0.468809
    0.028218   -0.966421   -0.030312   -0.561944    0.982910    0.588678
   -0.464943    0.810216    0.669742   -0.853958   -0.847561    0.216588
    0.686549    0.264210    0.538768    0.955262    0.562347   -0.225909
   -0.943847    0.622417   -0.871205   -0.472073    0.038262    0.027612
   -0.322467   -0.312516   -0.080711    0.749254    0.339823   -0.157566
    0.555042   -0.609296    0.614857    0.110606    0.675232    0.429678
   -0.194209   -0.137586    0.669588    0.790365   -0.289581    0.434225
   -0.940672   -0.829240    0.187390   -0.697755    0.377754   -0.990648
    0.928850    0.371677   -0.525160   -0.862743   -0.854443   -0.476476
   -0.291234    0.585630   -0.389089    0.283170    0.769577    0.591703
   -0.401742    0.716556   -0.170049   -0.785491   -0.000542    0.192535
    0.739454   -0.944981   -0.857549    0.999525   -0.259749   -0.154091
   -0.214474    0.638009   -0.149469    0.676031   -0.008511   -0.250696
    0.364684   -0.521361   -0.299396   -0.659159    0.482455   -0.174657
    0.834731   -0.179720    0.149740    0.435383   -0.224637    0.722197
    0.319164   -0.614622    0.905928   -0.058312   -0.531837   -0.744584
    0.522468   -0.095487   -0.504034    0.969314   -0.565215   -0.371048
   -0.974457    0.711005   -0.371989    0.386523    0.318710   -0.884439
    0.803677   -0.344581    0.144434   -0.925177   -0.496535   -0.232445
   -0.814992   -0.314582    0.283476   -0.543268    0.949900    0.805621
   -0.280579   -0.365620   -0.634068   -0.673132    0.550721   -0.204788
   -0.007437   -0.094615   -0.850770    0.856244   -0.220819    0.362515
    0.700883   -0.617392   -0.968558   -0.587728   -0.817610    0.539199
   -0.285155    0.927590   -0.053171   -0.974338   -0.156418    0.946353
   -0.718825    0.597561   -0.843569    0.419333    0.691718   -0.894988
   -0.488666    0.201328    0.462755    0.957976   -0.747929    0.724578
    0.554253   -0.923262    0.180123    0.782240    0.717165   -0.581011
   -0.774247   -0.152278    0.653518   -0.463506   -0.817836    0.522720
    0.990981   -0.442133   -0.065067    0.325201   -0.637799   -0.185953
    0.788337    0.663984   -0.619794   -0.833744   -0.846670   -0.733174
   -0.822722   -0.103384   -0.436189   -0.562252   -0.484086   -0.544098
   -0.353086   -0.549105   -0.074394    0.320526    0.045167   -0.958480
   -0.670718   -0.133733   -0.060073   -0.783365    0.314750    0.627163
   -0.753669   -0.014551   -0.095527    0.125382   -0.382115    0.950891
   -0.729421    0.880079    0.370497    0.141451    0.711121    0.489371
   -0.515339    0.707945    0.687241    0.176384    0.843945    0.414067
    0.234240    0.097184    0.673980   -0.802641    0.498873    0.130147
   -0.338324    0.479482   -0.624684    0.261923   -0.216748   -0.395298
   -0.429988   -0.004426   -0.438883   -0.548336   -0.753126   -0.678052
   -0.992600   -0.669721    0.821513    0.436108   -0.733722   -0.933067
    0.700880   -0.957465    0.800796    0.356481   -0.025700   -0.597869
   -0.378749    0.437620    0.762556   -0.498757    0.893295    0.185027
   -0.315419    0.771067    0.303184    0.779137    0.630434   -0.847035
   -0.573756   -0.684402   -0.731483   -0.233738   -0.696698    0.707110
   -0.070570    0.223541   -0.007828   -0.086148    0.786851    0.864764
    0.754268   -0.478753   -0.147593    0.583119   -0.660854    0.756912
   -0.678657   -0.100974    0.441028   -0.995020    0.638499   -0.583650
    0.218150    0.963499    0.369800    0.825083    0.733786   -0.928095
   -0.496692    0.272939    0.604576    0.227698    0.607803   -0.560956
   -0.133551   -0.209709   -0.875872    0.808876    0.779111   -0.707022
   -0.034534    0.118810    0.055378    0.322465   -0.821948    0.556815
   -0.568372    0.487445    0.790700   -0.999959   -0.866877   -0.406846
    0.747668   -0.002907   -0.559625    0.158716    0.901842   -0.639163
   -0.716895    0.863427    0.070503   -0.772634   -0.574337   -0.047762
    0.138920   -0.712362   -0.141039   -0.143330    0.507757    0.340582
    0.412620   -0.136091   -0.267111   -0.597372    0.819504   -0.517932
   -0.298178   -0.693719    0.006364   -0.106536   -0.491006   -0.115861
    0.651774   -0.135250   -0.436044    0.158821   -0.049793   -0.790187
   -0.820423    0.197525   -0.393675   -0.886152    0.583773    0.441543
    0.797035   -0.250600   -0.453138   -0.235923   -0.167726   -0.219128
   -0.065846   -0.538087    0.031277   -0.113213    0.670676   -0.933926
   -0.542961   -0.414165   -0.415235    0.996662   -0.294804    0.268094
   -0.321795    0.403920   -0.622578   -0.700414    0.398290    0.233479
    0.930346   -0.431557    0.389804   -0.375983    0.004522    0.427862
    0.383548    0.077269   -0.841865    0.485976   -0.732482    0.631392
    0.324875   -0.194857   -0.167302   -0.753099   -0.652194    0.556556
    0.225223    0.383157   -0.103185   -0.629891   -0.185684    0.225126
    0.771507   -0.329525    0.729917    0.535532    0.089124   -0.710663
   -0.124496   -0.220963    0.612801    0.616882    0.121193    0.623152
    0.859451   -0.637309    0.757422    0.846905    0.940924   -0.538359
    0.367407   -0.425115   -0.611406   -0.100811    0.369360    0.075064
    0.820974    0.162392    0.168003   -0.002493   -0.607762   -0.810700
    0.466467   -0.972786   -0.485291   -0.917536    0.044752   -0.207351
   -0.559532    0.136344    0.301400    0.537022    0.205404   -0.048036
    0.978690    0.073550    0.586340   -0.392794   -0.753118   -0.590744
   -0.677872   -0.485451   -0.133293    0.781466   -0.959111    0.779997
   -0.252471    0.892393   -0.663267   -0.253901    0.464582    0.880434
    0.215093    0.027428    0.669664    0.449506   -0.591701   -0.684638
   -0.408462    0.743562   -0.358169    0.170973   -0.998330   -0.441575
   -0.057526   -0.691110   -0.830628   -0.500255   -0.178076   -0.929179
    0.006732   -0.065331   -0.978181   -0.657536   -0.625854   -0.465209
   -0.524008   -0.283053   -0.840292   -0.168673    0.049901    0.774609
   -0.519380    0.721499   -0.018664   -0.078952   -0.314568   -0.138034
   -0.187475   -0.694269    0.792650   -0.849547    0.353946   -0.583895
    0.904217    0.747592   -0.800259    0.984581   -0.916054    0.978666
   -0.616548    0.858155    0.886128   -0.139492    0.560133    0.292648
    0.529347   -0.694810    0.150894    0.355436   -0.418713    0.246098
    0.855601   -0.196135    0.303572    0.944131   -0.805470   -0.525549
    0.806486   -0.147830    0.882756    0.461622   -0.063313    0.890083
   -0.740825    0.645108    0.754743    0.035003   -0.333033   -0.005160
    0.423227    0.334730    0.551724    0.239000   -0.733387    0.549124
    0.902146   -0.374158   -0.859509    0.994734    0.482243   -0.873108
    0.910475    0.229184   -0.354803    0.851059   -0.196025   -0.528824
   -0.263667   -0.685903    0.886370    0.325033   -0.500940   -0.573703
   -0.913022   -0.598366    0.547950   -0.560002    0.535126    0.833295
    0.778336   -0.583598    0.733943   -0.037330    0.247215   -0.279703
    0.062404    0.116792    0.806355   -0.068452   -0.060329   -0.617623
    0.235013   -0.390681   -0.423493   -0.015219   -0.823476   -0.090745
   -0.903572   -0.390440    0.547861    0.065851    0.440999   -0.109866
   -0.201476   -0.010347   -0.850399   -0.233876   -0.185032    0.438556
   -0.556343    0.847650    0.498955    0.281983    0.937894    0.784096
   -0.497187    0.253364    0.098884    0.423593    0.426032   -0.287885
   -0.562325   -0.983460   -0.561243    0.492237   -0.057070    0.963458
   -0.955251    0.736837    0.306104    0.657454    0.268688    0.824735
    0.185832   -0.821605    0.727776   -0.509279   -0.700143    0.272837
   -0.625123    0.519352    0.594592    0.922520   -0.574159   -0.541901
   -0.976217    0.536316   -0.777279    0.734450    0.774771   -0.395232
   -0.895127    0.269232    0.694467   -0.650516   -0.734018   -0.123524
   -0.811896   -0.246669    0.487524   -0.435055   -0.947328   -0.845567
    0.447737   -0.569156    0.407173   -0.747200    0.887396   -0.857793
    0.821026    0.730370   -0.871619   -0.696334    0.260150   -0.426408
    0.119613    0.824548    0.426997    0.149864    0.273727    0.774737
    0.076869   -0.161311    0.578839    0.819141   -0.746648   -0.284527
    0.384313   -0.016976   -0.331497    0.450096   -0.756722    0.169793
    0.028874   -0.401277    0.644358   -0.924368   -0.548722    0.051657
    0.469359   -0.062925    0.941229    0.455670    0.480920   -0.469931
   -0.801729   -0.121465    0.909589    0.891710   -0.169795   -0.827131
   -0.697307    0.996591    0.057463    0.506718    0.168752    0.784357
    0.813529   -0.877233   -0.494449   -0.226303    0.885508    0.406392
   -0.301968   -0.106183    0.226243    0.163752   -0.928700   -0.529916
    0.678653   -0.909787   -0.390384    0.559068    0.661376   -0.652276
   -0.192270   -0.388603   -0.629482    0.680018   -0.412434   -0.901729
   -0.670904    0.212685    0.423432   -0.106969   -0.406447   -0.189797
   -0.860893    0.894203   -0.882974   -0.446158    0.133265    0.603228
    0.144272    0.467387   -0.494545   -0.727721    0.896943    0.574144
   -0.542895   -0.643152    0.323662    0.675262    0.751595    0.152125
    0.888184    0.375976    0.537946   -0.699097   -0.970580    0.618927
    0.554045    0.910599   -0.306392    0.209879   -0.114548    0.905973
   -0.210589    0.277940   -0.588941   -0.827796    0.548026   -0.638317
   -0.778828    0.767876   -0.516579   -0.801515    0.579126    0.624985
   -0.365754   -0.978851    0.935883   -0.729174   -0.096528    0.512255
   -0.095908   -0.953240    0.277711    0.591058   -0.072525   -0.632324
   -0.915179   -0.689616    0.446514    0.715590   -0.139003    0.464205
    0.154407    0.304447   -0.007936    0.476897   -0.579247    0.774285
    0.044504    0.393182    0.594653    0.301609   -0.418384   -0.908460
   -0.493299   -0.450990   -0.117157   -0.960135    0.221630    0.339225
    0.258950    0.289954    0.589199   -0.332391   -0.344632    0.123278
    0.835535    0.848943   -0.742244    0.176003    0.344403   -0.499834
   -0.018235   -0.694484   -0.743279    0.020362   -0.164487   -0.592729
    0.041383   -0.300442    0.000920    0.314511    0.256078    0.537627
   -0.889501   -0.167546   -0.515509    0.835307   -0.037435    0.885499
    0.932404    0.446309   -0.969217   -0.514195    0.561997   -0.933627
   -0.973188   -0.114469    0.061626    0.496046   -0.089278    0.058681
    0.740183   -0.954422   -0.339513    0.096100   -0.975831    0.728283
   -0.053782    0.641814    0.371746    0.944452    0.014898    0.681247
   -0.286470   -0.046253    0.174979    0.069407    0.364352   -0.667057
   -0.594865    0.550806    0.471743    0.748493    0.987192   -0.763760
   -0.249463    0.089527    0.538342    0.007244    0.631388    0.890444
   -0.667371    0.551537   -0.845272    0.354751   -0.398892    0.392862
   -0.840889   -0.266561   -0.492976   -0.836274    0.961017    0.506469
   -0.751825    0.110452    0.077105   -0.106289    0.972889   -0.606650
    0.243393   -0.309916   -0.273087   -0.881384    0.386459   -0.061110
   -0.636978    0.749157    0.689474    0.317737   -0.504899   -0.845209
    0.107267   -0.088386    0.851704    0.735974    0.400786    0.205058
    0.504879    0.755060   -0.648404   -0.909088    0.901782    0.309629
   -0.895125    0.641634   -0.758375   -0.728683   -0.714502   -0.600047
   -0.669694   -0.982088    0.678126   -0.466527   -0.812885   -0.978771
   -0.543603    0.817057   -0.534684    0.148901   -0.616986   -0.547838
    0.104034   -0.015031    0.035829   -0.397827   -0.766902   -0.102653
    0.492791   -0.910044   -0.492631   -0.396284   -0.721727    0.672337
    0.635621    0.245222   -0.593832    0.208940    0.247013   -0.908308
   -0.244081    0.833792   -0.454061    0.971897    0.594325    0.998415
    0.141875   -0.260652    0.382380    0.681679    0.140606    0.639893
   -0.499163   -0.987511    0.374433    0.809583   -0.074026    0.798898
   -0.461831    0.304581   -0.278095   -0.149697   -0.697955    0.576622
    0.280722    0.376791   -0.331161    0.038602    0.543338    0.222619
   -0.894758    0.432120   -0.665598    0.485722   -0.817642    0.085565
    0.910352   -0.785189    0.495360   -0.458178    0.196366   -0.084206
   -0.863520    0.140965    0.674553   -0.079555   -0.315682   -0.919243
   -0.920202   -0.870526    0.270091   -0.906352   -0.372955    0.201892
   -0.575809   -0.834863   -0.664912   -0.621361    0.952596    0.880767
    0.624157   -0.793196   -0.256428    0.549524   -0.199841    0.178037
   -0.910347   -0.371790    0.209316   -0.787547   -0.639052   -0.143658
   -0.550537    0.899288   -0.792471   -0.100676    0.150486    0.184436
   -0.683541    0.385868   -0.431120   -0.312948    0.098129   -0.295875
   -0.870602    0.949403    0.721802   -0.410716   -0.871807   -0.612101
    0.562674    0.003690    0.105841   -0.647857    0.196691   -0.341967
   -0.357555    0.951071    0.165000    0.311746   -0.098482    0.298052
    0.469861    0.897993    0.713345   -0.872965    0.057817    0.305949
    0.437708   -0.135826    0.654761   -0.401778   -0.533729    0.036162
   -0.212504   -0.250734   -0.861152   -0.571037    0.966068    0.845447
    0.195408    0.180764    0.112849   -0.477314    0.424419    0.513699
   -0.168235    0.868716    0.717248    0.510826   -0.929362    0.346831
   -0.126859   -0.204995    0.955763    0.848217    0.169986   -0.010711
    0.338089    0.173437   -0.637785   -0.426338    0.179983    0.510154
    0.034528    0.137091    0.466086    0.009754    0.653743   -0.760628
   -0.252542   -0.006772   -0.233376    0.322074    0.519209   -0.017990
   -0.034492    0.284772   -0.118462   -0.915390   -0.865067   -0.010805
   -0.846101    0.363985    0.467789    0.065718    0.908464   -0.058796
    0.584062    0.656547    0.599394   -0.500971   -0.280736    0.949860
   -0.000302    0.163933   -0.428122    0.635998    0.397981   -0.948690
    0.071553   -0.867118   -0.687786   -0.485846    0.390273    0.037210
    0.455115    0.676886   -0.059047   -0.858463    0.625660    0.797007
    0.300054   -0.298231   -0.570740   -0.923915   -0.697875   -0.369928
   -0.349750   -0.466375    0.769862    0.005318    0.657937    0.248541
    0.968618    0.262593    0.993550    0.952360    0.383553    0.899254
   -0.415310    0.786671   -0.499428   -0.901290    0.526448   -0.901645
   -0.686814    0.659559   -0.173061    0.497690    0.329455    0.587098
   -0.248575    0.404821    0.691811   -0.924218   -0.006644   -0.936383
    0.992249    0.984889    0.652427   -0.169134   -0.927625    0.417079
    0.197320   -0.007214   -0.744529    0.326769   -0.958257   -0.771070
    0.263478    0.769144    0.626469    0.623631   -0.719111   -0.794996
   -0.545572   -0.401162    0.691022    0.591948    0.575829   -0.543485
   -0.757984   -0.706412   -0.092391   -0.372449   -0.975766   -0.857723
   -0.989375    0.684714    0.057043    0.816988    0.038744    0.961586
    0.653820   -0.485755    0.422907   -0.159563    0.358474    0.448963
    0.294291    0.381892    0.297125    0.299117    0.412695   -0.375244
   -0.742425    0.326868    0.984864    0.528272    0.166754    0.324091
   -0.435796   -0.529151    0.452025   -0.826851    0.447044    0.289507
   -0.806014   -0.361758    0.697932    0.015505   -0.561051    0.012851
    0.266097   -0.737577    0.302226   -0.615298   -0.317183    0.627683
    0.359927    0.071059   -0.345345    0.970001   -0.954799    0.363652
   -0.347661   -0.361572    0.060149    0.296604    0.379751   -0.243992
   -0.597435   -0.837871    0.139676    0.080082    0.644704    0.859914
    0.067523    0.249056    0.118166   -0.430017   -0.139201   -0.804439
   -0.057259    0.898600   -0.971432    0.442479    0.638425   -0.689844
   -0.405471    0.860359   -0.035948   -0.382382   -0.910336   -0.803927
   -0.559186    0.863879   -0.515323   -0.453349   -0.570839   -0.733005
    0.897985    0.315139   -0.380089   -0.255883    0.033620    0.501351
    0.520089   -0.465044    0.293923   -0.988874   -0.977467   -0.974383
   -0.050473   -0.872056    0.779829   -0.617898    0.256731   -0.682718
   -0.958278   -0.793047   -0.414076    0.200133    0.035518    0.492971
    0.555589    0.218614   -0.732305    0.789809   -0.020212    0.482368
    0.850633    0.985674    0.095854   -0.601208   -0.518776    0.889377
   -0.237492    0.402348   -0.150437   -0.628612    0.759566    0.246378
   -0.256813    0.450975   -0.695806   -0.165302    0.213631    0.555014
   -0.367767    0.832597   -0.172135   -0.139823   -0.533810   -0.309481
   -0.390415   -0.265771   -0.808190    0.751383    0.587744   -0.536256
   -0.333525    0.262995   -0.047675    0.316210   -0.735722    0.566159
    0.640501   -0.076678    0.482056   -0.971656    0.267788   -0.247718
    0.933236    0.881219    0.697151   -0.081107    0.427737    0.977517
    0.871272    0.095757   -0.308687   -0.040715   -0.631385   -0.539477
   -0.457033    0.718040    0.122738   -0.098724   -0.627740    0.563116
    0.645938   -0.780626    0.026224   -0.636588    0.364483   -0.287189
    0.058484   -0.481136    0.367004   -0.229556    0.645519   -0.335284
   -0.391019    0.380527   -0.502045    0.093321    0.878193    0.060692
    0.704974   -0.310913   -0.932651   -0.424107    0.219692   -0.009673
    0.316455    0.909044   -0.686495   -0.410429    0.660742    0.480510
   -0.273378   -0.462251   -0.999332   -0.369255   -0.877641   -0.778049
    0.140164    0.340676   -0.813170    0.341120   -0.195610    0.577798
   -0.543102    0.662514    0.521094   -0.676026    0.966272   -0.989301
    0.554015   -0.079442   -0.493507    0.981445   -0.551621    0.278484
    0.046720   -0.404104   -0.522928   -0.044030   -0.095917    0.264329
   -0.861662    0.617181   -0.333074    0.462416    0.817285   -0.425176
   -0.802482    0.602664    0.869377    0.318191    0.890256    0.072009
   -0.530048    0.548232    0.496066    0.071422    0.529461    0.365975
    0.197120   -0.265890    0.917583   -0.815501   -0.805679   -0.536559
   -0.009592    0.883191   -0.774232   -0.447464   -0.452013   -0.354686
    0.686250   -0.220147   -0.252968    0.565368    0.286872   -0.183998
   -0.924437    0.828870   -0.834353    0.065750   -0.510790    0.890690
   -0.059488   -0.129371    0.160979    0.067227   -0.706564    0.259373
   -0.364005    0.003356    0.775894   -0.273468    0.282967   -0.652516
   -0.358420    0.892320    0.832377   -0.624352   -0.173076   -0.962918
   -0.996903   -0.980963   -0.368487    0.845325    0.444692    0.854109
    0.393223    0.445358    0.389935    0.869553   -0.075402   -0.312980
   -0.579594    0.013285   -0.019066   -0.400381   -0.328549    0.082789
    0.553158    0.443347   -0.273969   -0.968968   -0.504290   -0.386549
   -0.198048   -0.736905    0.654515   -0.425691   -0.896592    0.971924
   -0.322569    0.725430   -0.785176   -0.378202   -0.207197    0.440895
   -0.476534    0.191247   -0.500566   -0.850846    0.126864   -0.564987
    0.278488   -0.086687    0.618373    0.815571   -0.358021   -0.082781
   -0.226168   -0.535389    0.265717   -0.794907   -0.955720    0.676714
   -0.151321    0.098560   -0.114404   -0.497223   -0.777596    0.385927
    0.691169    0.157546    0.971618   -0.818666   -0.226177    0.349457
   -0.310901   -0.157022    0.008967   -0.421485   -0.495184   -0.661464
    0.310346   -0.907776   -0.997247    0.417003    0.005662   -0.155429
   -0.464844   -0.452959   -0.406502    0.125621    0.748924    0.619535
    0.883052   -0.579568   -0.021016    0.739302   -0.915761   -0.327588
   -0.090909    0.987242   -0.882052    0.619212    0.774464   -0.129094
   -0.428143   -0.384984   -0.941677   -0.153898   -0.241118   -0.557294
    0.185824   -0.791550   -0.148765   -0.877926    0.449808    0.673770
    0.008963    0.666227   -0.490707    0.556281    0.320426    0.426718
   -0.066912    0.266993    0.249827    0.906700    0.737377    0.949732
    0.065475    0.547689    0.107005    0.228463   -0.621832    0.664059
    0.824009    0.398224    0.372183   -0.336200    0.514933   -0.593813
   -0.666548    0.251765   -0.626971    0.222641   -0.957076    0.847785
   -0.287629   -0.919486   -0.430474   -0.668096   -0.340360   -0.919120
   -0.698425   -0.068257    0.934687   -0.191623   -0.374641   -0.473652
    0.093113    0.767219   -0.947971   -0.304384    0.337374   -0.335836
   -0.247023   -0.121519   -0.130877    0.823347    0.139341    0.569612
    0.821564    0.988780    0.014200    0.737755   -0.851664   -0.018289
    0.534719    0.135371   -0.732886    0.710310   -0.658778    0.543372
   -0.333553   -0.923632    0.551194    0.915820    0.097042    0.122751
    0.667860    0.119739    0.391418    0.801409   -0.899520    0.239375
   -0.758859   -0.146002   -0.323923   -0.692596   -0.377597   -0.818782
   -0.342290   -0.738285   -0.365408    0.628833    0.964192    0.110346
   -0.508830    0.088779   -0.131985   -0.250934   -0.098788   -0.097326
    0.729638   -0.649592    0.169008    0.657266    0.429203    0.330007
   -0.013807   -0.782448    0.621644    0.434825   -0.551544   -0.612195
   -0.805076    0.192116   -0.091661    0.514408    0.199740    0.617220
    0.924019    0.525695   -0.269803   -0.405550   -0.284351    0.795645
    0.473944   -0.068858   -0.133120    0.636489   -0.680377    0.756646
   -0.258034    0.104562   -0.922465    0.504224   -0.487943    0.851541
    0.472661    0.765429    0.105053    0.353946   -0.248354   -0.250698
   -0.632146   -0.804365    0.193565    0.178399    0.220922    0.537363
   -0.667082    0.512543    0.723884    0.184442   -0.599869    0.282637
   -0.962499   -0.889380    0.432987   -0.434403    0.555861    0.474068
   -0.016721    0.611302    0.593935   -0.066353    0.696007   -0.771764
   -0.369725   -0.457838    0.356875    0.002122    0.371813    0.219052
    0.719921   -0.583180    0.847441   -0.265306    0.548123    0.718931
   -0.240683   -0.374196   -0.223962   -0.453695   -0.396865   -0.935505
    0.540481    0.110791    0.765079    0.089875    0.265125   -0.813843
    0.532303    0.102335   -0.997497   -0.241009    0.127424    0.074827
   -0.901496    0.785026   -0.832478   -0.768192   -0.738509    0.030520
    0.182560    0.158860   -0.659667    0.941112   -0.595074   -0.654042
   -0.296074   -0.224019   -0.639539   -0.321806   -0.241664    0.704003
    0.743767    0.163142    0.859829    0.783273   -0.309461   -0.735035
   -0.403904    0.671383    0.981842   -0.556693    0.890400   -0.903659
   -0.206107   -0.456969    0.717526   -0.212704   -0.236085    0.773909
   -0.132151    0.840463   -0.217765    0.534529   -0.096545    0.247538
    0.450629    0.510645    0.818544   -0.942233   -0.309665    0.518559
   -0.616097   -0.187038   -0.931694   -0.109046   -0.594302   -0.132248
    0.805791    0.242952   -0.316688    0.878814   -0.494772   -0.672466
    0.921576   -0.085781    0.212480   -0.511968   -0.018348    0.511843
    0.096404    0.620838    0.507326    0.256059   -0.464478   -0.883252
   -0.855039    0.214812   -0.380029   -0.013021   -0.859310   -0.266453
    0.155272   -0.528632    0.376956   -0.588584    0.864556    0.569738
   -0.800670    0.471221   -0.113377    0.617449   -0.331914   -0.895194
   -0.982036   -0.726809   -0.198354   -0.440132    0.064729   -0.250042
   -0.542132    0.467099    0.659337   -0.924452   -0.065625    0.726483
    0.611880   -0.025934   -0.658181    0.870538   -0.385136    0.454736
    0.833013    0.760042   -0.040983   -0.344226   -0.382269    0.929384
    0.077788   -0.573788    0.520491   -0.916913   -0.703240    0.862989
   -0.492552   -0.838644   -0.882803    0.277935    0.411494    0.668541
   -0.845574    0.359445    0.807873    0.671323    0.274095    0.172779
    0.126298    0.851499   -0.634131    0.659692   -0.210421   -0.160449
    0.054018   -0.378843    0.915848    0.115871   -0.110821    0.915718
   -0.032934   -0.785367    0.704643   -0.218030   -0.306862   -0.280270
   -0.422462    0.761671   -0.562690    0.012348   -0.272146   -0.183182
   -0.830243   -0.664900    0.194960   -0.209246    0.314864    0.921276
    0.716679   -0.484247   -0.727042   -0.329178   -0.842518   -0.104511
   -0.075624   -0.519751    0.777621    0.510606   -0.681766   -0.572781
    0.588473   -0.313103    0.869688   -0.990944   -0.178937    0.126368
    0.736856    0.372013    0.199308    0.558942   -0.214853   -0.940679
    0.331758    0.926240   -0.765702   -0.994582    0.090702    0.411953
   -0.097451    0.927298   -0.152860    0.968170    0.833264   -0.815304
    0.272715   -0.355848    0.190629    0.649004    0.493390    0.734523
   -0.301727    0.381063    0.760004   -0.299572    0.484616    0.709296
    0.564812    0.432631   -0.528850   -0.284628   -0.832457   -0.484374
    0.393781   -0.504504   -0.680609    0.808301   -0.158184   -0.810897
    0.780743   -0.157023   -0.235964   -0.626412    0.663840   -0.419671
    0.855050    0.730271    0.878841    0.622482    0.373353    0.629458
    0.415607   -0.284608    0.818123    0.185245    0.776131    0.195297
    0.781585    0.315468    0.164989   -0.046990    0.758907   -0.748069
   -0.894967   -0.807346   -0.595212   -0.354106   -0.065394    0.516223
    0.899376   -0.389251   -0.774980    0.203062   -0.234455    0.055263
    0.317137    0.524920    0.775006    0.353600   -0.959107    0.432924
    0.141647    0.417047    0.077176   -0.025891    0.142303    0.900921
    0.843057   -0.484283    0.453129   -0.476614   -0.455821   -0.258509
    0.181210   -0.341050   -0.838643   -0.056092    0.069741    0.225545
   -0.739787   -0.703701   -0.818797    0.387697   -0.192292    0.916339
   -0.382681    0.123923    0.427829    0.044491    0.477140    0.357182
    0.974892    0.536626   -0.930953   -0.036639    0.116533    0.394040
   -0.387524   -0.447941    0.388139   -0.912964   -0.176092   -0.628215
   -0.939928   -0.749869   -0.403481   -0.101557    0.303769    0.797440
    0.888912    0.164527    0.929508   -0.789047    0.865086    0.502060
    0.899495   -0.859967   -0.404790   -0.914091    0.357128    0.098567
   -0.107805   -0.178061   -0.709817    0.954995   -0.537818    0.111385
    0.378194   -0.947879   -0.454061   -0.961303   -0.271630   -0.955775
    0.395878    0.536176   -0.575595   -0.013776   -0.355946    0.802745
   -0.396179   -0.339282    0.637453    0.078051    0.979166    0.647489
   -0.828146    0.073635   -0.599962   -0.436030    0.978220   -0.544968
    0.491637   -0.967572   -0.285201   -0.284591   -0.546070   -0.206718
    0.921016    0.148245    0.852824   -0.623188   -0.245548    0.983712
   -0.936536   -0.687210    0.094861   -0.285980   -0.742975    0.013103
    0.608801   -0.807615   -0.489570   -0.188072   -0.025980   -0.452869
   -0.070749   -0.974226   -0.707401   -0.139255   -0.205790    0.956413
   -0.866367   -0.638283    0.845722    0.808915   -0.372498    0.990988
    0.202223   -0.097042    0.382762    0.738182   -0.728447   -0.653497
    0.105279    0.351550    0.093586   -0.487111   -0.616670   -0.777650
   -0.784274    0.798900   -0.368114    0.813997    0.331969    0.632393
   -0.094766   -0.689222   -0.090467    0.916719   -0.938854    0.391304
   -0.225667   -0.076758   -0.816663    0.630805   -0.206021   -0.407233
    0.086056   -0.996183    0.123914   -0.537367   -0.473011   -0.410378
   -0.883329    0.541215   -0.567623   -0.444198   -0.347778   -0.196499
    0.400507    0.998662    0.295852   -0.609286   -0.367014    0.841568
   -0.008716   -0.299538   -0.425358   -0.322461   -0.172518   -0.626981
    0.886366    0.330524   -0.243286    0.032439   -0.826793    0.521120
    0.654300    0.978596   -0.253268   -0.369422    0.400852   -0.425536
    0.893148   -0.678937   -0.799592    0.633620    0.180939    0.716846
   -0.302988   -0.007188   -0.153652   -0.838915    0.010053   -0.807281
   -0.746679   -0.482334   -0.707061   -0.586788    0.858884    0.634883
   -0.863027    0.482662    0.996916   -0.156075   -0.142268    0.928207
   -0.886174    0.071840    0.789678    0.588950    0.299799    0.228551
   -0.000172    0.649059   -0.503841    0.691626    0.888556   -0.378121
    0.352393    0.828927    0.326507    0.852431   -0.610432    0.103022
   -0.570066   -0.432507    0.579981    0.477338    0.683459    0.590899
   -0.974050    0.890445    0.924460    0.480522    0.956047   -0.000059
    0.571587   -0.697554   -0.951358   -0.756986    0.265978   -0.890497
   -0.764217   -0.501213   -0.324303   -0.237674   -0.686542    0.931755
    0.413007    0.322607   -0.793572    0.891975   -0.221964    0.973016
   -0.621434   -0.465526    0.939672    0.338925   -0.370169    0.672863
   -0.814065    0.275509   -0.435427    0.380856   -0.766776    0.637795
   -0.923294   -0.037362    0.429456   -0.009000   -0.762139   -0.248259
   -0.297867    0.424351   -0.220515   -0.470644    0.898069    0.096574
   -0.360399   -0.201293   -0.229272   -0.145956   -0.016758    0.496638
   -0.860210   -0.581606   -0.110501   -0.665141   -0.169633   -0.802653
    0.474939    0.110736    0.054480   -0.736110    0.808023   -0.992123
   -0.909011   -0.846066    0.508818    0.432109   -0.263128    0.606351
    0.654041    0.023318    0.362074    0.168557    0.594745   -0.662921
   -0.926944   -0.676498    0.221502   -0.655754    0.559149    0.489389
   -0.848067   -0.283738    0.983016    0.547424    0.688490    0.160327
   -0.494622   -0.650604    0.771381   -0.392399   -0.510947   -0.722715
    0.483238    0.216546   -0.269742    0.539701    0.851310   -0.440392
   -0.811948   -0.670260    0.157220   -0.551926   -0.277252   -0.159855
    0.830088    0.268607   -0.512925    0.182710   -0.125157    0.977954
    0.645433   -0.103732    0.249212    0.723400    0.481209   -0.890813
   -0.615612   -0.185649    0.999789   -0.801176   -0.378139   -0.139904
    0.396514    0.549493    0.513642   -0.649371    0.004316    0.375537
   -0.568570    0.410967    0.000665   -0.285158    0.380857    0.262604
    0.292315   -0.048044   -0.328071   -0.598299    0.044540   -0.154860
    0.261561    0.018224   -0.333418    0.698968   -0.449895   -0.123921
    0.193193   -0.691748    0.229001   -0.044241   -0.741701    0.508337
    0.978642    0.955596   -0.293114   -0.027301    0.638678    0.733934
   -0.024345   -0.026751    0.669551   -0.687245    0.850538    0.700167
    0.618801    0.699676   -0.937816   -0.699600    0.850397    0.541903
    0.565749   -0.205923    0.425057    0.730132    0.378160    0.922917
   -0.418607   -0.096113   -0.721536    0.567474   -0.230548    0.342649
   -0.473357    0.911442   -0.865958   -0.348245    0.845101    0.245673
   -0.751030   -0.206321   -0.337118    0.436385   -0.924865    0.056926
    0.252105   -0.246130   -0.019792    0.362167    0.131138   -0.172006
   -0.066588    0.622705   -0.978991   -0.704267   -0.709424    0.713840
   -0.219414    0.879223   -0.467232   -0.629615    0.623656   -0.814832
    0.755582   -0.094108   -0.358102   -0.888842   -0.035746    0.278668
    0.127158   -0.727782    0.252742   -0.650976   -0.672164   -0.756855
    0.573906   -0.154409   -0.982869    0.385793   -0.782049   -0.073653
    0.134846   -0.050753    0.645677   -0.010257    0.486147   -0.486566
   -0.366878   -0.077608   -0.143801    0.739309   -0.637882   -0.388457
    0.584638    0.794056    0.260943   -0.701858   -0.658972    0.154818
   -0.592100   -0.866944    0.862679   -0.723536   -0.344746    0.876331
   -0.869883    0.671263   -0.499276    0.515330   -0.583040   -0.233431
   -0.599550   -0.437548    0.949426    0.757110   -0.335189   -0.922904
    0.401802   -0.611815    0.650420    0.705403    0.744190    0.793913
    0.498933    0.677196    0.322333    0.044483    0.974954    0.107385
    0.599170    0.915137    0.836858    0.854824    0.272480    0.594288
    0.716346   -0.730063    0.335928    0.091032    0.679299    0.374173
   -0.099645   -0.169635    0.503242   -0.194736    0.424096   -0.735419
    0.526634   -0.674851    0.388481    0.976439   -0.614705   -0.937618
   -0.265998    0.795095    0.172307    0.893133   -0.855978   -0.343562
    0.606031   -0.379506   -0.579011   -0.188298    0.845529   -0.840525
   -0.516016    0.209289   -0.473833   -0.918646   -0.017449   -0.597516
   -0.927617   -0.067591    0.437067    0.944583    0.994790   -0.197861
   -0.398225   -0.476384   -0.371046    0.907139   -0.897146   -0.834887
   -0.411046   -0.484585    0.732805   -0.341263    0.595961    0.520785
    0.515858   -0.949801   -0.936195   -0.127002    0.625243    0.842655
    0.643811    0.636358    0.212780   -0.957485    0.004235   -0.187875
    0.126631    0.996972    0.496339    0.628866    0.143488    0.755181
   -0.694284   -0.918772   -0.034067   -0.356438    0.453685    0.446980
    0.134993    0.617363    0.440222   -0.449155    0.803284    0.654669
    0.443672    0.348904    0.714721    0.909956    0.567081   -0.755446
   -0.014308    0.172110    0.274096    0.572827    0.129270   -0.929427
    0.051385   -0.849302    0.927917    0.810945    0.962054    0.184613
   -0.751214    0.676845    0.062458    0.586872   -0.091670   -0.049090
    0.936140    0.538859    0.506968   -0.998638    0.130730    0.119752
    0.920812   -0.910520   -0.022138    0.168759    0.118333   -0.388298
   -0.105753    0.107662   -0.418589   -0.957844    0.313766    0.424763
    0.186672    0.963572    0.257791   -0.445446    0.920892    0.525418
   -0.650025   -0.625055   -0.350072    0.073276    0.826332    0.556929
   -0.231344   -0.489066    0.121373   -0.478663   -0.948392   -0.670185
    0.896633    0.186800   -0.853519    0.488967   -0.668231   -0.459057
   -0.698846   -0.687651    0.141372   -0.412786    0.361665   -0.333685
   -0.797333   -0.776037   -0.802506    0.225265    0.026744   -0.554470
   -0.678699    0.049546   -0.083106    0.565191   -0.720540    0.199534
   -0.423070    0.731331    0.304302   -0.205220   -0.968742    0.968429
   -0.872102    0.896798   -0.485465    0.652041    0.460997    0.029572
    0.326201   -0.776287   -0.033796   -0.996430   -0.387838   -0.831239
    0.171307    0.157613   -0.045954    0.476287    0.569225    0.185755
    0.600250    0.434780   -0.544834    0.470630   -0.687593   -0.734099
    0.414788    0.775203   -0.732867   -0.326158    0.729928   -0.734269
    0.096963   -0.688604    0.674337    0.977364   -0.441312    0.414943
   -0.296563    0.416789   -0.930818   -0.197196    0.703762   -0.017882
    0.541616    0.608116   -0.311997    0.054300    0.057547   -0.011043
    0.850034   -0.398964    0.596830    0.233865    0.978957    0.828660
   -0.369569   -0.322040   -0.254859   -0.537358    0.877816    0.701181
    0.803193   -0.578700    0.894832    0.446347    0.684157   -0.764304
   -0.783058    0.106962   -0.330495    0.650149   -0.947092    0.171742
   -0.253604    0.094592    0.820524    0.617536   -0.680899    0.120095
   -0.993339    0.949999   -0.989717   -0.241053   -0.127310    0.230128
   -0.568554    0.410281    0.782879    0.819594   -0.057233   -0.205730
   -0.978128    0.330706   -0.377044    0.057730    0.293856   -0.681786
    0.856120    0.459864    0.829326   -0.827729    0.934207    0.205031
    0.964633   -0.020952   -0.329275    0.804675   -0.909549    0.183102
   -0.914021   -0.380387    0.745709    0.496521    0.316306    0.084308
   -0.303126    0.534463    0.890450    0.652644    0.919677    0.277057
    0.147090   -0.964669    0.657193    0.232897   -0.264986    0.452445
   -0.175390   -0.150775    0.343965    0.411709    0.197870    0.682896
    0.766803   -0.859842   -0.966967   -0.793056    0.382597   -0.182160
    0.553326    0.711980   -0.319721    0.531058   -0.646332   -0.120958
   -0.694165    0.864184    0.372769   -0.330213    0.005409    0.849414
   -0.032003   -0.476991    0.333162   -0.462747    0.928088   -0.327532
   -0.561935    0.069774   -0.760456   -0.106215   -0.970570   -0.553312
   -0.995914   -0.652058    0.677655   -0.883821   -0.190783   -0.897255
   -0.187683   -0.414003    0.072567   -0.301891   -0.603962    0.713997
   -0.915322   -0.397205   -0.302387    0.058736    0.423862   -0.111784
    0.144357   -0.409088   -0.497617    0.343612   -0.607584    0.456717
   -0.067098   -0.259878    0.283545   -0.617499   -0.478474    0.455583
    0.988550    0.856446   -0.084837    0.407019   -0.986301   -0.249540
   -0.012496    0.876398   -0.861373    0.579095    0.785435   -0.949785
   -0.540478    0.877410    0.833041    0.371771   -0.613030    0.789236
   -0.383232   -0.554077   -0.119322    0.084166   -0.203643    0.586158
   -0.723228   -0.556066   -0.296625   -0.359425    0.060293    0.988412
   -0.233205   -0.439874   -0.161480    0.114599    0.607419    0.458242
   -0.908510    0.799350   -0.535616   -0.248523    0.718708   -0.016573
    0.502612    0.452720   -0.410937    0.569072   -0.011933   -0.912394
    0.079498    0.761150   -0.781850    0.176974    0.693531   -0.907395
   -0.792087    0.264880    0.099309   -0.391308    0.955866   -0.813866
   -0.664331   -0.764907    0.000250    0.278482   -0.182321    0.263075
    0.452236    0.476944    0.161232   -0.624027   -0.539568    0.062854
    0.741783    0.497723   -0.153132   -0.263781   -0.790553   -0.388876
    0.903290   -0.130661   -0.613392   -0.860171   -0.742515   -0.150262
    0.059725    0.272321   -0.121424    0.459507   -0.257194    0.928097
   -0.347738   -0.345662    0.004240   -0.725649    0.874870    0.588146
    0.168227    0.578720   -0.303954   -0.652952   -0.694092    0.455932
    0.991314    0.571650   -0.608747   -0.510350   -0.637023    0.948096
    0.004407    0.478525   -0.465486    0.580710    0.702490    0.396899
    0.077836    0.184140    0.181976   -0.803835   -0.718249    0.386261
   -0.937733    0.507802    0.612976   -0.186878   -0.017054   -0.639551
    0.062102   -0.765837   -0.239362    0.791568    0.829870   -0.345879
   -0.038712    0.809339    0.189522   -0.381150   -0.366150   -0.417410
   -0.207846   -0.033984    0.766631    0.570327   -0.703938    0.349731
    0.120838   -0.495229   -0.321420    0.164828    0.646874    0.393000
    0.562805    0.640007   -0.989224   -0.388152   -0.368871   -0.481676
   -0.824283   -0.966038    0.076512    0.695643   -0.526281   -0.444554
    0.748079    0.605638   -0.514860    0.956844   -0.068182   -0.621198
    0.022918    0.878237    0.015247   -0.667576   -0.249631    0.039099
    0.118518    0.774094   -0.746597   -0.621691    0.039172    0.280142
   -0.701479   -0.268007    0.109964   -0.262641   -0.671322    0.660174
   -0.392609    0.038985   -0.389774    0.471724   -0.789484    0.613084
    0.754123   -0.256993    0.981628    0.618387   -0.800550   -0.644537
    0.894767   -0.549496    0.656904    0.429531   -0.165517   -0.592945
   -0.707708   -0.781761   -0.505527    0.181782    0.279224   -0.574917
    0.668997    0.071852    0.307117    0.724821   -0.183201    0.386348
    0.111251   -0.582436    0.840989   -0.593291    0.096502   -0.642173
   -0.656611    0.261678   -0.192326   -0.913336    0.217101   -0.994437
    0.664639   -0.152644    0.367460   -0.821377   -0.318444   -0.165086
    0.899873    0.377933   -0.947308    0.760851    0.903451    0.566817
    0.091305    0.213362    0.940079   -0.532286    0.452335    0.822492
    0.853044    0.808828   -0.156983   -0.333295   -0.597957   -0.895663
    0.033164    0.362864    0.960901   -0.054964    0.503578   -0.140996
   -0.957667    0.597957    0.914791   -0.305951    0.935861    0.413970
   -0.980096   -0.605966    0.938063    0.940499    0.643933    0.727926
   -0.284995   -0.370664   -0.610769   -0.021290    0.551868   -0.520185
    0.695752    0.311500    0.948290    0.983872    0.405741   -0.428140
   -0.089434   -0.084086    0.552189   -0.170550    0.797667   -0.589891
   -0.821269   -0.069830    0.602188   -0.898546   -0.607506   -0.870199
   -0.648839    0.555590   -0.094529    0.544338    0.385042   -0.915231
   -0.685990    0.387227   -0.487444   -0.895151   -0.897696   -0.508593
    0.981761   -0.235624    0.080683   -0.495299   -0.423547    0.426976
   -0.485688    0.515156   -0.640256   -0.403703    0.258590    0.708435
    0.801777   -0.102469    0.726779    0.884981    0.462547    0.442382
   -0.172508   -0.912732    0.480690    0.150502    0.967279    0.482206
    0.602912   -0.728319   -0.890457   -0.377761   -0.256410   -0.990331
    0.846114    0.491586   -0.578908    0.917137   -0.222484   -0.473643
    0.256905    0.100335   -0.967951    0.657116    0.022349    0.969419
   -0.148990    0.508531    0.087716   -0.334479   -0.824316    0.712297
   -0.912487   -0.495927   -0.037140    0.719020   -0.346873   -0.223719
    0.522243   -0.364616   -0.570859    0.276135   -0.950500    0.637481
    0.743342   -0.488836    0.379579   -0.635163   -0.302702    0.033997
    0.304222    0.511960   -0.112722   -0.334759   -0.082835    0.924233
   -0.758998    0.618945   -0.054870   -0.998236   -0.438397    0.250768
    0.692038    0.061538   -0.062702    0.654719    0.293597    0.718749
   -0.574938   -0.901468    0.208538    0.437954    0.153030    0.987638

