    0.847088    0.075016    0.250210    0.910114    0.041559    0.223229
   -0.931387   -0.014496   -0.840226    0.197789    0.894586   -0.225599
   -0.753248   -0.935613   -0.562610    0.575302   -0.097833   -0.381864
   -0.799972   -0.287600    0.211007    0.256480    0.866205    0.201261
    0.288724   -0.302759   -0.114857   -0.648482    0.566575    0.007340
    0.140152   -0.266327   -0.514500    0.145227   -0.188994   -0.334833
    0.155730    0.414736    0.403473   -0.539676   -0.810456   -0.938997
    0.137974   -0.005606    0.053131    0.473962    0.196100   -0.686098
    0.707520   -0.171312    0.368214   -0.178064   -0.166975    0.167848
   -0.721725   -0.061899    0.256815   -0.313459   -0.533361    0.221555
   -0.106866    0.651579    0.368460    0.521425   -0.560948   -0.345892
    0.490613    0.076151   -0.346400    0.910810   -0.227725    0.186245
   -0.973703   -0.892379    0.921148    0.424896    0.539110    0.144855
    0.040197    0.461758   -0.933203    0.230942    0.139923    0.448165
   -0.005643   -0.172002    0.603233   -0.325108    0.443921   -0.920961
    0.788104   -0.491312    0.724577   -0.993078   -0.155489    0.906124
   -0.597951   -0.928002    0.423947   -0.413123    0.305461   -0.863891
    0.231418   -0.162667   -0.577111   -0.034696   -0.606229   -0.379686
    0.105321   -0.433652    0.206181    0.726358   -0.602448    0.687453
   -0.147127   -0.748083    0.743156    0.843198    0.608560   -0.646448
   -0.162875   -0.967553   -0.680297    0.137588    0.864005    0.173005
   -0.025281    0.520016   -0.678217   -0.051197   -0.030848    0.804441
   -0.425593   -0.391935    0.070533   -0.996524   -0.614957    0.582734
    0.861842    0.244506   -0.838914    0.126618    0.523952   -0.696865
   -0.544245   -0.478161   -0.105540   -0.636101    0.899159    0.484955
    0.317980    0.810184    0.799068   -0.722023    0.707936    0.649658
    0.992975   -0.676706    0.456407   -0.230147    0.167265    0.612198
   -0.707285    0.749094   -0.265965   -0.465914    0.349381   -0.562243
   -0.001097    0.354995   -0.407470    0.444730    0.023949   -0.691218
   -0.017575   -0.655617    0.901014    0.475477   -0.482929   -0.663944
    0.928012   -0.308531    0.691408    0.651203    0.234947    0.217527
    0.874851    0.535432   -0.625258   -0.787234   -0.352704    0.531549
   -0.546836   -0.938404    0.327879   -0.891954    0.524186    0.843242
   -0.798448   -0.104573   -0.139305   -0.904437    0.659284    0.124742
    0.571679    0.676649    0.011400    0.613813    0.858571    0.410766
    0.868665   -0.022680   -0.082298   -0.217752    0.904304   -0.374066
    0.998853    0.545875   -0.517715    0.988872   -0.799247   -0.081772
    0.052013   -0.972866   -0.933518    0.548097    0.446753    0.135506
   -0.025298    0.672181   -0.095742    0.214792    0.433016    0.722180
    0.704057    0.274375    0.998036   -0.463237    0.828707    0.682164
   -0.479088    0.464193   -0.669255   -0.540082    0.502477    0.205103
    0.366951   -0.524661    0.533876   -0.517987    0.628353   -0.227571
    0.126505   -0.061695    0.882487   -0.548308    0.792507    0.565880
    0.652756   -0.992553   -0.539357   -0.155302    0.977193   -0.492884
    0.798166   -0.873224   -0.351953    0.153436   -0.371473   -0.798722
    0.333395    0.220329    0.984482    0.879289    0.308279   -0.880667
    0.884696   -0.727707   -0.342333   -0.089472   -0.214130    0.205891
   -0.462317    0.738971    0.305028   -0.195345   -0.245205    0.535058
    0.303879    0.268171   -0.485616    0.354874   -0.117790   -0.625391
   -0.733950   -0.248615   -0.203193   -0.533204    0.445651   -0.382660
    0.117810   -0.138552   -0.468451   -0.681674   -0.399648   -0.429762
    0.679133    0.994712    0.840730   -0.429430    0.042917   -0.147247
    0.897554    0.783085    0.626640   -0.398352   -0.347594    0.772817
   -0.055722    0.454050   -0.624911   -0.110429   -0.584083    0.999104
    0.746135   -0.128298   -0.975024   -0.750851    0.600241   -0.602700
   -0.543443    0.806352    0.031187    0.473574    0.833924   -0.632823
    0.815741    0.788154   -0.409716   -0.460431    0.829854   -0.200130
   -0.352184   -0.958952   -0.046929    0.575122    0.315642   -0.737420
   -0.622360    0.501247    0.801468    0.553414    0.229729    0.648659
    0.492013    0.589344    0.852929    0.581793    0.084550   -0.849069
   -0.190565   -0.034977   -0.368272   -0.511130   -0.315144    0.841592
   -0.072878   -0.847724    0.043347   -0.383779    0.416543    0.413596
    0.305499    0.936135   -0.582397    0.371246    0.155281   -0.985549
    0.581486   -0.009798    0.712570    0.698049    0.007336    0.085382
   -0.690254    0.821942    0.948010   -0.284828   -0.890722   -0.442184
    0.026034   -0.639456    0.009285   -0.916154   -0.892278    0.960217
   -0.130077   -0.425408   -0.284758   -0.705685    0.617219    0.747106
    0.977174    0.186968    0.620404   -0.785863   -0.368285    0.661022
    0.177909   -0.065278    0.565764    0.422762    0.459799    0.575589
    0.654055   -0.399785   -0.770517    0.802552    0.805753   -0.431231
    0.293594    0.767577    0.149361   -0.923478   -0.680434   -0.571864
   -0.341525   -0.009035    0.943756   -0.376182    0.899975   -0.213894
   -0.884424   -0.830141    0.857157   -0.468248   -0.993166    0.092786
   -0.367432   -0.758119   -0.984656   -0.135371    0.568126   -0.539167
   -0.299890    0.827603    0.009816    0.141534   -0.472350    0.278545
   -0.518320   -0.074755   -0.097824    0.888336   -0.274244    0.567270
    0.218287    0.694916   -0.219731   -0.424178    0.584763   -0.991638
    0.556117    0.957339    0.947703   -0.540541    0.357422   -0.296569
    0.630399   -0.955532   -0.835631    0.733057    0.244992   -0.583841
    0.022438   -0.771572    0.963349   -0.875226    0.962799   -0.896649
    0.343636   -0.572509   -0.214307   -0.906704    0.123031   -0.098365
    0.734944   -0.466812   -0.804463    0.865254   -0.113316    0.227076
   -0.043067    0.126671   -0.675507    0.385216   -0.977010   -0.311799
   -0.925911   -0.929540    0.176872    0.642742    0.571531   -0.690484
   -0.634331    0.751076   -0.539795    0.118502    0.683280    0.073545
   -0.015307   -0.425858   -0.226779   -0.474641   -0.368912   -0.534504
   -0.494112   -0.563355   -0.236560   -0.022929   -0.940980    0.071579
    0.656037   -0.554209   -0.928023   -0.148050    0.953360   -0.265019
    0.136296    0.763754    0.717839   -0.097436    0.976805   -0.132868
    0.705185    0.505685   -0.452705   -0.901163   -0.068722   -0.812175
    0.208034    0.883192   -0.726818    0.999276    0.899563   -0.547208
   -0.577765    0.722882   -0.224294    0.520379   -0.982724    0.836002
   -0.932541   -0.663850   -0.534141    0.702132   -0.920172    0.194093
   -0.889961   -0.478916    0.821987   -0.741470    0.245430   -0.190068
    0.621169   -0.288583   -0.415158    0.210691   -0.977572    0.280536
   -0.267497    0.714200    0.148632    0.436687   -0.489945   -0.442385
    0.778349    0.837472    0.460866    0.807404    0.839026   -0.260806
    0.779366    0.291702   -0.613839    0.565180    0.561527    0.272707
   -0.240072    0.083612   -0.901855   -0.871351   -0.948443   -0.397251
    0.753968   -0.980182   -0.575831    0.340881    0.597819   -0.054401
    0.600110   -0.625125    0.261203   -0.903747    0.129800   -0.734345
   -0.534372   -0.362199   -0.537566   -0.930705   -0.425182   -0.832686
    0.055080    0.742485   -0.395564    0.539972    0.547307    0.959077
    0.286014   -0.409314   -0.687251   -0.194913    0.240899    0.381733
    0.992654   -0.669109    0.484378   -0.256825   -0.168617   -0.912166
   -0.464284   -0.442610    0.751935    0.175195   -0.530691   -0.788368
    0.120923    0.352154    0.870167   -0.983428    0.568686    0.687973
   -0.715585    0.762177    0.732997   -0.698306    0.818608   -0.977298
   -0.634504   -0.574913   -0.240981   -0.766345    0.899664   -0.832738
   -0.166336    0.734140   -0.462582    0.724278   -0.997088   -0.758315
   -0.803872   -0.729817   -0.880109   -0.089986    0.220058   -0.820365
   -0.501750   -0.167613    0.718329    0.262074   -0.828593   -0.274882
   -0.158423    0.416920   -0.143565    0.302445   -0.250198    0.665333
    0.558446   -0.599265   -0.313869   -0.969482    0.145863    0.315516
   -0.883107    0.165300    0.905500   -0.639647   -0.352947    0.945764
   -0.672770    0.177362    0.200689   -0.916688    0.671794   -0.902069
    0.175328    0.030209    0.162657    0.104385   -0.711800    0.291698
   -0.737616    0.207229    0.864142    0.931043    0.505688   -0.061449
    0.288478   -0.152927   -0.936767   -0.879775    0.115207    0.068476
    0.413066   -0.906856   -0.681269   -0.363153    0.550436   -0.281233
   -0.160691    0.210721    0.820255   -0.800827    0.464693    0.104109
   -0.180801   -0.336283   -0.554409    0.707028    0.110451    0.180178
    0.426171    0.601929    0.563707   -0.332933   -0.827468    0.814978
    0.387493   -0.414884   -0.055921    0.216340   -0.732719   -0.205442
    0.784578    0.888178    0.651383    0.571759   -0.088034   -0.362095
   -0.219159   -0.846839   -0.172122   -0.530318    0.262225    0.913070
    0.272757   -0.664609    0.592749    0.221616   -0.575029    0.873716
    0.410711   -0.044051    0.319749   -0.056420    0.262988    0.956758
    0.528437    0.546106   -0.693314    0.807467   -0.408183   -0.422586
   -0.218375    0.093752    0.563125    0.942430    0.106643    0.692118
    0.622610    0.425262    0.433521   -0.692941   -0.800957    0.652918
   -0.745205   -0.660391   -0.240493   -0.004961    0.233686   -0.385902
   -0.733239   -0.848149   -0.958164    0.213165    0.688815   -0.948923
   -0.171219    0.676554   -0.830503   -0.087885   -0.724491   -0.798345
   -0.636806   -0.618697    0.743215   -0.235423   -0.389059   -0.852763
    0.736541   -0.128906   -0.375096   -0.435058    0.451095    0.064482
    0.430795    0.212261   -0.506583   -0.526281    0.532641   -0.447757
    0.231822    0.095178   -0.126681    0.081094    0.226652   -0.041215
    0.426042   -0.475248    0.503242    0.633214   -0.636436    0.440736
   -0.034050   -0.571631    0.349790    0.098646   -0.079799   -0.780956
   -0.677554   -0.959137    0.100444   -0.649727    0.738965   -0.015453
    0.781567   -0.192394    0.544926   -0.048357   -0.899150    0.257289
   -0.012027    0.007901   -0.669851   -0.112903   -0.413143   -0.122287
   -0.572154    0.392594    0.157567   -0.800627    0.668100    0.462850
    0.804232   -0.828082   -0.577784    0.107885   -0.588991    0.707118
   -0.395361   -0.994782    0.014958    0.004604    0.886535   -0.302435
   -0.736468   -0.526029   -0.832764   -0.902223   -0.423861    0.443281
   -0.744110    0.292765    0.299627    0.146949   -0.569386   -0.930254
   -0.841232    0.798149   -0.789011   -0.924459   -0.124389    0.199743
   -0.019100   -0.055658   -0.194353   -0.181845    0.313213    0.517177
    0.091443    0.886110   -0.159402    0.977736    0.769695   -0.519054
   -0.105110   -0.675081    0.200324    0.847120    0.598785   -0.566550
    0.965847   -0.830627   -0.897806    0.518941    0.139115    0.476186
    0.531619    0.088258   -0.108336   -0.488824    0.640450    0.516400
   -0.633293    0.997339    0.306335   -0.596448   -0.748509   -0.704425
   -0.297250   -0.180641   -0.932775   -0.086166   -0.587588    0.693841
    0.209824   -0.238101   -0.669712   -0.885174    0.745946   -0.826805
    0.767075   -0.212760   -0.345148   -0.479449    0.087841   -0.090249
   -0.592272   -0.039071   -0.476202    0.484945    0.199373   -0.611696
    0.833861   -0.082441    0.533203    0.742684    0.885817   -0.657961
   -0.322969    0.875536   -0.078094    0.575043    0.716201    0.773386
    0.520239   -0.373052   -0.202000   -0.517039    0.852178    0.757538
    0.033300    0.914928    0.514472   -0.202189    0.728375    0.158453
    0.796777    0.981610   -0.063978   -0.827298    0.432549    0.856586
    0.161386   -0.334783   -0.058255    0.689410   -0.340827   -0.251358
   -0.619629    0.020143    0.956460    0.485353    0.068495    0.136587
    0.373056    0.773021    0.307655   -0.500534    0.699264   -0.641753
    0.840695   -0.383214   -0.212323    0.281920   -0.315978   -0.797481
    0.888391    0.215683   -0.680966   -0.828649    0.413040   -0.281219
   -0.776067   -0.248052   -0.256992   -0.313486    0.010352    0.760427
   -0.736144    0.061227    0.525618    0.711023    0.520869    0.187419
   -0.425681    0.333068    0.429693    0.677153   -0.871513   -0.610112
   -0.117600   -0.720872   -0.191361    0.007785    0.490447    0.413038
   -0.812298    0.321056   -0.153182   -0.254822   -0.767239    0.676646
    0.458800    0.153295    0.787672   -0.027067    0.490480   -0.718862
   -0.723219    0.013099    0.893273    0.434675    0.237306    0.566315
    0.269900    0.020070    0.632270    0.731659   -0.961322    0.054267
    0.591944   -0.930176   -0.032455   -0.481090   -0.597196   -0.964951
    0.818996    0.873754    0.849384   -0.793180   -0.057689    0.226838
   -0.409419    0.696527   -0.634069    0.101651    0.108231   -0.879150
   -0.031682   -0.924250    0.760960   -0.377127   -0.147420    0.551815
   -0.717027   -0.283133    0.722545   -0.885711   -0.057903   -0.832420
    0.127414   -0.307999    0.047565    0.469884    0.779388   -0.419835
    0.423052    0.271404   -0.515271    0.322068    0.674523    0.158237
   -0.176817   -0.077605    0.553600   -0.541994    0.104677   -0.406522
   -0.534796    0.647993    0.820705   -0.060916    0.701474   -0.229259
    0.394631   -0.784522   -0.342358   -0.672689   -0.385080   -0.295740
    0.040647   -0.795461    0.983062   -0.112303    0.419163    0.459119
   -0.134377    0.619251   -0.147177    0.865934    0.362364    0.411829
    0.940057   -0.499634   -0.822283   -0.418898   -0.467421   -0.101798
   -0.707324    0.132332   -0.188768    0.549984   -0.881911    0.841638
   -0.693023    0.049876    0.349776   -0.124572    0.952394    0.259136
    0.608991    0.443845   -0.138190   -0.749950    0.235260    0.369925
   -0.490402   -0.243824   -0.114490    0.013651    0.787040    0.118864
   -0.391397    0.418980    0.969028   -0.734582    0.679483   -0.590314
   -0.176862    0.633134    0.890136    0.056681   -0.167399    0.276876
    0.926336    0.804578   -0.618825    0.090055   -0.714870   -0.592518
    0.986591   -0.257235    0.848955   -0.077872    0.834876    0.094705
    0.910787    0.262745   -0.006055   -0.305604    0.782500   -0.027041
    0.327180    0.113896   -0.579456   -0.029370   -0.903018   -0.146218
    0.834864    0.501297    0.278496   -0.308492    0.900650   -0.906525
   -0.824139    0.540985    0.594986    0.856637   -0.141069   -0.932560
   -0.593577   -0.384369   -0.792089   -0.118643   -0.522847   -0.543620
   -0.278063    0.188113    0.494089   -0.139531    0.203885    0.502551
   -0.406569   -0.272984    0.203294    0.488568   -0.292964   -0.140551
   -0.349517   -0.173841   -0.489640   -0.391053    0.978538    0.642240
    0.637092    0.431088    0.424991    0.307310   -0.766805   -0.822082
    0.805622    0.501917    0.968262   -0.204125    0.071061    0.963948
    0.324026   -0.493580    0.645349    0.449666    0.893093    0.816800
   -0.716821    0.415837   -0.392719    0.526541    0.830927    0.156770
   -0.079661    0.958294   -0.776874    0.923815   -0.259580    0.546241
    0.717280   -0.339119   -0.913250    0.793165    0.394284    0.753784
   -0.503974    0.905556   -0.960136   -0.014797   -0.392259   -0.916623
    0.434758    0.633501    0.610022    0.571427    0.176962   -0.881230
   -0.850341   -0.123744   -0.064281   -0.368382    0.081296   -0.831679
    0.465336   -0.561032   -0.919607   -0.296005   -0.185545    0.924774
   -0.759334    0.224845   -0.072343   -0.919210    0.808218   -0.749887
   -0.522732   -0.675902    0.667588    0.455879   -0.560320    0.514693
    0.177038    0.727887    0.221768    0.729715   -0.948396   -0.694859
    0.494469   -0.515077   -0.297578   -0.070182   -0.782070   -0.733918
   -0.984237    0.606801    0.741318    0.042786   -0.813032    0.852636
    0.069481    0.026472   -0.754480   -0.146157   -0.002602    0.683519
    0.950084   -0.644335    0.708916    0.546510   -0.141892   -0.377011
   -0.509612   -0.821984    0.584819    0.079256    0.768727    0.757418
    0.201988   -0.471879    0.385370   -0.478786    0.490634    0.115872
    0.070438    0.897320   -0.154503    0.830979   -0.615713   -0.889701
   -0.859711    0.448677   -0.938040    0.546648   -0.970674    0.530131
    0.537127   -0.342382   -0.959988   -0.574513   -0.864142    0.381287
   -0.641034    0.199515    0.664481    0.437218    0.339711    0.279885
    0.925954   -0.335931   -0.667580   -0.088758    0.721810    0.599955
   -0.621785   -0.712193   -0.204037   -0.969849   -0.262295    0.152464
    0.098076    0.850463   -0.279480   -0.616105   -0.536130   -0.244145
   -0.370759    0.559971   -0.261872   -0.324430    0.768373   -0.264295
    0.424114   -0.151700   -0.846739   -0.961762    0.117528   -0.868228
   -0.544189   -0.982743    0.997783   -0.412995    0.273521    0.338715
    0.783875   -0.664230   -0.851949    0.996969    0.320066   -0.827787
    0.070870    0.792979   -0.538610   -0.418111    0.279813   -0.986939
   -0.011801   -0.093966   -0.945631   -0.907302   -0.158911   -0.605540
    0.288032    0.313176   -0.475200   -0.175797    0.139769    0.717577
   -0.880991   -0.074431    0.283802   -0.208324    0.511503   -0.272112
    0.939909   -0.351898    0.006120   -0.961734    0.802473    0.050346
    0.429947    0.059454   -0.760365    0.042435    0.882164    0.894220
    0.579314   -0.231623   -0.919607    0.858356   -0.179993   -0.235783
   -0.415002    0.982030   -0.635798    0.212508   -0.530918   -0.992288
   -0.927878   -0.823763   -0.806926   -0.446850   -0.468110   -0.791361
    0.682919    0.308840   -0.223511    0.469486    0.052040    0.272434
    0.840258    0.444093   -0.580868    0.810236    0.066058   -0.548322
   -0.926066   -0.544184   -0.102300    0.850490   -0.823788   -0.423417
   -0.196731   -0.196101   -0.170594   -0.488007   -0.952800   -0.362684
    0.422643    0.663189   -0.237031   -0.159226   -0.352981    0.442472
   -0.324280    0.375749   -0.204872    0.356878    0.873771    0.621403
   -0.808679   -0.663037   -0.758392   -0.531857    0.834655    0.411471
    0.418746   -0.176870    0.767272    0.917974   -0.383940   -0.363453
   -0.364616    0.987897   -0.576281    0.026427   -0.489695    0.671787
    0.036519   -0.975232    0.488484   -0.228491   -0.365309   -0.576270
    0.599900   -0.458079   -0.142262    0.539030    0.050778   -0.862337
    0.021336    0.313493    0.247298   -0.185292   -0.335443    0.999103
    0.109918   -0.413494    0.683807   -0.687523    0.004289   -0.428366
   -0.781259   -0.365110    0.064091    0.450572   -0.378125    0.835079
   -0.768321    0.070601    0.004361   -0.344664    0.699225    0.659382
    0.076878   -0.687450   -0.950360   -0.606342    0.442108    0.758820
   -0.206446    0.243119   -0.823413   -0.891911   -0.658217    0.286708
    0.666091    0.071439   -0.863265    0.625612   -0.425601    0.350220
    0.380197   -0.689243    0.419352   -0.160169    0.674770    0.216875
   -0.525563   -0.852713   -0.640345   -0.953050   -0.258852    0.961823
    0.870089   -0.760842   -0.797197    0.466286   -0.329360    0.656409
    0.692106    0.998890   -0.457643    0.356275   -0.845888   -0.076236
   -0.113709   -0.349555   -0.611037   -0.500411    0.055945   -0.669105
   -0.105807   -0.435248    0.218769   -0.268476   -0.532600    0.806941
   -0.903533   -0.106531    0.308313   -0.191871    0.550525    0.177590
   -0.753703   -0.306612   -0.367712    0.657198   -0.627013   -0.643353
    0.068025    0.071108   -0.964874    0.422384   -0.173503   -0.736741
    0.561316    0.669757   -0.250525   -0.955540    0.592616    0.021300
   -0.592798    0.735629    0.275669    0.193243    0.375690    0.699296
   -0.169329   -0.028007   -0.109133   -0.148293    0.118104    0.234372
   -0.035299   -0.294392    0.944924    0.960173   -0.857115    0.822934
   -0.152244    0.912693    0.972614    0.710221   -0.981502   -0.618003
   -0.757100   -0.971587    0.115493   -0.666913    0.503701   -0.723442
   -0.946472   -0.249300    0.740565   -0.161581    0.939112    0.400162
   -0.314794    0.854457   -0.990481   -0.874515   -0.313669    0.684682
    0.898162   -0.800557   -0.988246   -0.465691   -0.331154   -0.226950
   -0.580759   -0.384633    0.601175   -0.984994   -0.151093    0.937229
   -0.367297    0.865325   -0.541439   -0.745794    0.623719   -0.351149
    0.020705    0.498410   -0.281542    0.908589   -0.501567    0.331022
    0.203113    0.702214   -0.531167    0.373172   -0.657672    0.437464
   -0.978165   -0.619910   -0.889088   -0.720720    0.503549   -0.527052
    0.485926    0.100997   -0.161707    0.605489   -0.885409   -0.307016
   -0.785970    0.746512   -0.992436    0.690445   -0.758671    0.049075
   -0.082865   -0.439962    0.737796    0.987150    0.728868    0.169668
   -0.138564   -0.667327   -0.502023   -0.400645    0.885374   -0.599355
    0.702693    0.257555    0.476661   -0.489962   -0.600988   -0.922725
   -0.608305   -0.856008    0.762456   -0.580880   -0.544923    0.701190
   -0.408509   -0.763060   -0.704456   -0.826731    0.863244   -0.433044
   -0.451398   -0.848836   -0.317636   -0.874429    0.048081    0.893614
    0.848916   -0.681080   -0.516315   -0.091084   -0.129384    0.498284
   -0.524820    0.082159    0.243670    0.418595    0.085540   -0.994676
   -0.336123    0.311428    0.099592    0.133245    0.500370   -0.477979
    0.958851   -0.962903    0.287405    0.072824   -0.433915   -0.804737
   -0.209520    0.020802   -0.827616   -0.909246   -0.484516    0.568142
    0.531492    0.232032    0.177907   -0.142490    0.108078   -0.406026
    0.798095    0.382732    0.457111    0.731057   -0.687986    0.337165
    0.272838    0.838958    0.131627   -0.060680   -0.372400    0.482759
   -0.410439    0.135191   -0.543173   -0.494542    0.538717   -0.844844
   -0.488022    0.556458    0.209826    0.522415    0.336055   -0.808200
   -0.389877    0.493359   -0.334662    0.044424    0.204170   -0.673444
    0.776822   -0.055985   -0.355756   -0.906056   -0.267841    0.911153
    0.734481   -0.265611    0.553166   -0.911732    0.557537    0.764676
   -0.477747    0.143677    0.410564    0.369506   -0.816579   -0.345107
    0.845005    0.115778   -0.595368    0.553807    0.638974    0.767809
    0.372229    0.863387   -0.521973    0.607123   -0.897261   -0.904914
   -0.168020    0.372570   -0.268564    0.347338    0.110808    0.401840
   -0.882763   -0.578609    0.802731    0.208091   -0.391105    0.443365
    0.900136    0.485029    0.472297    0.189686   -0.696351    0.575461
    0.959449   -0.405442    0.131371   -0.463220   -0.625065   -0.805741
   -0.198008   -0.905703    0.346516    0.373134    0.072242    0.358124
   -0.571254    0.865680    0.213591    0.507969   -0.558542   -0.298029
   -0.348620   -0.630740    0.403036    0.749568   -0.966029   -0.246879
    0.989042   -0.646020    0.386892    0.107434    0.545024   -0.331443
   -0.343566    0.155170   -0.811544   -0.219928    0.203593    0.139454
    0.350491   -0.900593    0.575928    0.535190    0.486967   -0.043505
   -0.513474    0.494452   -0.228286    0.918867   -0.440430    0.302511
   -0.767789    0.356940   -0.937673   -0.850251    0.826932   -0.076875
    0.159834   -0.080282   -0.664666   -0.183776    0.205664    0.079305
    0.466289   -0.640653   -0.625176   -0.782717    0.370906    0.036475
    0.654267   -0.933357    0.353927    0.724683    0.487382    0.975719
    0.850928   -0.658767    0.993732   -0.259195   -0.291295    0.249286
   -0.415023   -0.151542    0.874632    0.084703    0.526350    0.208760
   -0.847534    0.476343   -0.222239   -0.898775    0.037786   -0.531440
   -0.577616   -0.243938    0.508937    0.867748    0.128525    0.698163
   -0.582205   -0.556752    0.336255    0.922814    0.228992    0.796167
    0.654295   -0.263474   -0.731015    0.280524   -0.772610   -0.718837
    0.768503   -0.047539   -0.796937    0.477408   -0.535025    0.348288
   -0.241028   -0.857732   -0.100175   -0.771319    0.101419   -0.722869
   -0.952347    0.889378    0.828046   -0.514814    0.236178    0.027798
   -0.356992   -0.339179   -0.726482   -0.668257    0.618343   -0.250977
   -0.724337    0.140679   -0.151209    0.798618    0.084082    0.273916
    0.531545    0.351575    0.040281    0.102270    0.569873   -0.590138
    0.615637    0.683722    0.664709    0.482197    0.396281    0.778953
    0.167805   -0.747030    0.885770   -0.487252   -0.924032    0.487545
   -0.092316    0.860404    0.634374   -0.489857   -0.805377   -0.912271
   -0.196723   -0.100800   -0.684262   -0.737177   -0.112564   -0.629603
    0.902351   -0.067166    0.463200    0.991040   -0.913404   -0.402093
    0.859174    0.144799   -0.944592   -0.688564    0.133631    0.449863
   -0.849017   -0.314165   -0.355350    0.426260   -0.325881    0.014797
   -0.848131    0.657665    0.337214    0.157345   -0.668316   -0.861979
    0.503076    0.914293   -0.590244   -0.173127   -0.813189    0.601976
   -0.906945    0.976242   -0.478817    0.194718    0.344230    0.689938
   -0.422310    0.399631   -0.949782    0.630075   -0.932329   -0.782508
    0.579837   -0.349554   -0.523756    0.668506   -0.822940    0.382540
   -0.289086    0.753214    0.501166    0.548284    0.056684    0.504374
    0.732886    0.529798    0.833644    0.173801    0.469645   -0.759675
    0.867304    0.325779   -0.529380   -0.471435    0.633296    0.376861
    0.146097    0.724733    0.819814    0.682710    0.585472    0.109416
   -0.637218    0.043674    0.213982    0.247280    0.448424   -0.154545
   -0.674916    0.641633    0.424373    0.014890   -0.107160    0.273772
    0.213704    0.706948   -0.263936    0.755764   -0.769597   -0.880485
    0.701804    0.581102    0.905514   -0.629853    0.696452   -0.784191
   -0.405877    0.473780    0.072952    0.661487    0.626535   -0.010413
   -0.339898   -0.669697    0.096676   -0.854690   -0.092387   -0.617036
   -0.490922   -0.923255   -0.737065    0.458680    0.586699   -0.695335
   -0.544260    0.102756   -0.744534    0.346678    0.115015    0.268208
   -0.961824    0.337721   -0.008799   -0.735352    0.731269   -0.733869
   -0.064528   -0.775229    0.096358   -0.299766   -0.509237    0.610568
   -0.279150   -0.275477   -0.064266   -0.944046    0.887503   -0.592099
   -0.187412   -0.717705   -0.809505   -0.892963   -0.337956   -0.106854
   -0.211599   -0.530679   -0.676909    0.575814    0.251774   -0.458338
   -0.277533   -0.015935   -0.587811    0.813715   -0.252613   -0.754011
    0.558405   -0.096502   -0.926138    0.461983   -0.890906   -0.155324
   -0.363572    0.499176   -0.243841   -0.589372    0.461830    0.566325
   -0.101822   -0.268716    0.088986   -0.517359    0.868788   -0.228375
   -0.043091   -0.639051    0.021608    0.574881   -0.901429   -0.791484
   -0.382333   -0.978524   -0.652291   -0.047189    0.935079    0.613322
    0.308169    0.576164   -0.373911    0.904447    0.367218    0.405687
   -0.879801    0.860006    0.306136   -0.624430    0.250120   -0.413415
   -0.075653    0.215342    0.596603    0.496369   -0.495828    0.815915
    0.805044    0.108618   -0.121494   -0.899473    0.232312   -0.662016
   -0.427232    0.922348   -0.202107   -0.119136    0.215201    0.823604
    0.071339   -0.768012   -0.617706    0.099553    0.169133    0.409336
   -0.637880   -0.416277   -0.235668   -0.262441   -0.990461   -0.714355
    0.350241    0.965383    0.746318    0.485953    0.127174   -0.470990
    0.428552    0.921136   -0.812567    0.537776   -0.867595    0.808284
    0.702728   -0.471276    0.866572   -0.858893    0.291004   -0.502733
    0.913009    0.668517   -0.095211    0.571432    0.679593   -0.411461
   -0.896033   -0.563926   -0.404417    0.832784    0.020323   -0.058716
   -0.302912    0.884370   -0.691424   -0.083187    0.171004    0.193767
   -0.822077   -0.789435   -0.599127    0.882835    0.133787    0.825907
   -0.811510   -0.474926   -0.022773   -0.627338   -0.533070   -0.419306
   -0.699286   -0.615857    0.214195    0.619446   -0.182219    0.809441
   -0.625966   -0.108421    0.983985   -0.614397   -0.953033    0.837083
   -0.647181   -0.467344   -0.295705   -0.770579    0.252306    0.215803
   -0.827310   -0.488928   -0.102354    0.695903   -0.572509    0.585255
    0.778928   -0.672455   -0.486667   -0.888186   -0.299148    0.642526
   -0.954806   -0.099000   -0.002657    0.080743   -0.353356    0.173630
   -0.227616    0.122463   -0.364457    0.083330    0.589622   -0.019985
    0.161512    0.823620    0.437263    0.492920   -0.740902   -0.830736
   -0.638308    0.402877   -0.442471   -0.432676   -0.420418   -0.843872
    0.042781   -0.218799    0.021081   -0.841864   -0.464541   -0.785528
    0.795318   -0.566058   -0.903447   -0.773624   -0.292421    0.867396
    0.841395   -0.216313   -0.635586    0.370203    0.317104    0.911778
    0.495857   -0.818329   -0.210206   -0.825793    0.837025    0.997445
    0.238055   -0.659352    0.663670    0.152676    0.768142   -0.425876
   -0.917012    0.286903    0.862934    0.275000    0.633337    0.429894
   -0.233891    0.415594    0.186027    0.364445    0.275333    0.195018
    0.103097   -0.305078    0.961272    0.385562   -0.041635    0.908930
   -0.916707   -0.731820    0.041895    0.533417   -0.907993   -0.895838
   -0.795748   -0.667190   -0.261225    0.941053    0.135639   -0.579205
    0.350796   -0.466285   -0.677236   -0.637053    0.703990    0.433150
   -0.253008    0.908695    0.022201   -0.269199    0.398769    0.750300
    0.748511    0.847295   -0.271867    0.015826    0.426351   -0.318250
   -0.452891    0.396484    0.695222   -0.275229   -0.941368   -0.429599
    0.923865   -0.435801   -0.403381    0.867522   -0.865288   -0.618480
    0.997856    0.081146   -0.287495    0.714444   -0.881065   -0.375420
    0.397880   -0.064828    0.557267    0.648701    0.899888    0.516325
    0.598523    0.154617    0.524587    0.585825   -0.656106   -0.966082
    0.447298   -0.570168    0.578537    0.349893    0.665146    0.670596
   -0.696333   -0.717178   -0.467571    0.822920   -0.373258    0.450399
   -0.468944    0.869674    0.438890    0.110125    0.621485   -0.698301
    0.037373    0.244579    0.458664    0.713960   -0.644308    0.176222
   -0.217499   -0.891040    0.244138    0.966997    0.537135    0.718774
   -0.678641   -0.539754    0.883993    0.524656   -0.181549    0.722762
   -0.590716   -0.662568   -0.850008    0.648177    0.446395   -0.137896
   -0.219359   -0.803406    0.296133    0.457035   -0.596519    0.008027
   -0.108405    0.649257    0.879930   -0.679197    0.910977    0.665806
    0.530515    0.330906   -0.482184   -0.241158   -0.622371    0.503297
    0.617019    0.544482    0.804285   -0.204416   -0.460393    0.437881
    0.344092    0.091073   -0.268195   -0.393839    0.798000    0.456166
   -0.195935    0.097067   -0.949212    0.573064   -0.568601    0.417408
    0.386480   -0.254906    0.331680    0.791580    0.241018   -0.562188
   -0.528406   -0.988631    0.483254   -0.141918    0.096614   -0.559805
   -0.110847   -0.408431    0.668515   -0.396616   -0.231664    0.292372
   -0.047990   -0.130199   -0.176085    0.155580   -0.032074    0.130670
    0.122581   -0.837498   -0.137540   -0.470541    0.468971   -0.005593
    0.242687    0.266305    0.885351   -0.145719   -0.111878   -0.481149
   -0.137915    0.543279    0.821490   -0.019368   -0.451121   -0.520483
   -0.231783    0.007854    0.487166   -0.616899    0.064671    0.764350
   -0.991427    0.493958    0.186369    0.401034    0.288564    0.128859
   -0.160493    0.461514   -0.906985    0.749620   -0.691054   -0.558078
    0.388381   -0.375328    0.165776   -0.171484    0.498212    0.160541
   -0.543015   -0.646539   -0.917758   -0.165765   -0.857244   -0.771372
   -0.232514    0.183446    0.372740   -0.237532   -0.378814   -0.973384
    0.853405    0.874667    0.580551   -0.270202   -0.896426    0.168412
   -0.338648   -0.441740    0.887952   -0.421128   -0.421919   -0.180261
    0.463708    0.893941    0.396713   -0.193822   -0.253461   -0.368941
   -0.715076   -0.520867   -0.148564    0.528914    0.408945    0.287541
   -0.659213   -0.918639    0.124051   -0.079185   -0.122687   -0.721719
    0.721217   -0.158582    0.725138    0.829961   -0.482233   -0.401594
   -0.894023    0.156508    0.898020    0.284723    0.391379   -0.341776
   -0.660679   -0.388760   -0.164103   -0.874575   -0.556472   -0.556914
   -0.261726   -0.560228   -0.652116    0.679140   -0.318418   -0.166268
    0.694270    0.472820    0.882533    0.536568   -0.665275   -0.296226
   -0.301985   -0.173524   -0.145717   -0.000525    0.877847    0.151598
    0.907887    0.107210   -0.421967    0.526123    0.075203    0.115380
    0.751363   -0.469341    0.696775   -0.916218   -0.347567    0.346082
   -0.524753    0.826844    0.321068   -0.023268   -0.303328   -0.260667
   -0.761809    0.730200   -0.913257   -0.579994    0.683228   -0.055574
   -0.521491    0.197668   -0.108630   -0.659966   -0.703310   -0.018622
   -0.725106   -0.595011   -0.498368   -0.727101    0.870361   -0.568986
    0.372252   -0.066935   -0.977105   -0.725410    0.129893    0.674686
   -0.357013    0.373770    0.542789   -0.023836    0.208198   -0.197862
   -0.447658    0.962635    0.890041   -0.658450    0.605036    0.180552
    0.712971   -0.876615   -0.699297   -0.312933    0.375809   -0.756880
   -0.300694    0.060027    0.253181    0.484552   -0.357498    0.093291
    0.223154    0.661832    0.465946   -0.600337   -0.450723   -0.471822
    0.348889   -0.880929   -0.418672    0.976509   -0.852378   -0.142483
   -0.477934    0.505440   -0.036967    0.187761    0.673660   -0.748140
    0.471143   -0.790981   -0.371839   -0.372937   -0.172269   -0.161991
    0.119162    0.610085   -0.531337   -0.153138    0.546997    0.302010
    0.799231   -0.449796    0.832693   -0.456760    0.525106   -0.657032
    0.963255    0.362861   -0.593393   -0.211053   -0.518919    0.091962
    0.978005    0.126156    0.479038    0.911460   -0.580383   -0.220317
    0.399656   -0.020959    0.167595   -0.666497   -0.142630    0.290391
    0.627506   -0.653169    0.490911   -0.433668   -0.334858    0.081165
   -0.653205   -0.094225   -0.936120    0.041279    0.748259    0.716702
    0.215362   -0.354752   -0.110232    0.439732    0.950182   -0.642141
   -0.754693    0.894341   -0.769667   -0.486126    0.123922    0.768526
    0.341321    0.952801   -0.670190    0.384067    0.526675    0.770250
   -0.017951   -0.216977    0.166029    0.150277    0.093678    0.995490
   -0.699762   -0.422476   -0.182970    0.125086    0.649514    0.384692
   -0.397645   -0.390387    0.262196   -0.192677   -0.527029    0.007766
   -0.979682   -0.395313   -0.655345   -0.699742    0.814018    0.445125
   -0.946758    0.202178   -0.257185    0.594913   -0.210412    0.998167
   -0.788337    0.648353    0.252540   -0.533730   -0.506795    0.686476
   -0.898961   -0.643863    0.951626   -0.635842    0.175166   -0.250508
   -0.375948    0.303735   -0.695595   -0.806101   -0.529400    0.759290
   -0.545702    0.860563   -0.797544   -0.917626    0.726041    0.249364
   -0.275718   -0.200406   -0.860351   -0.635904   -0.514477    0.228661
   -0.437629   -0.876993    0.548149    0.733750   -0.348549    0.799818
    0.929180    0.531923   -0.219875    0.227227    0.831228    0.464650
   -0.265878   -0.361545   -0.280440   -0.306247   -0.918961    0.776878
    0.162526    0.981780    0.530517    0.503595   -0.609011   -0.303762
   -0.466545   -0.602166    0.182143    0.957058    0.876760   -0.014187
    0.652296   -0.694908    0.215919    0.224196   -0.825140   -0.383442
   -0.704543   -0.771059   -0.304621   -0.628704    0.175270    0.954198
    0.770423    0.588077   -0.772306   -0.801764   -0.382023   -0.031569
   -0.501728    0.607361   -0.132140    0.893885    0.192084    0.786531
    0.389165    0.172209    0.962413    0.064116   -0.514268    0.552160
    0.319680    0.554824    0.188064    0.910819    0.057928   -0.614044
    0.851428   -0.573190   -0.842513    0.698949   -0.257090   -0.648412
    0.287497    0.969616   -0.918329    0.534625    0.200864    0.718609
    0.537680   -0.512951    0.363336    0.760509   -0.308081   -0.842346
   -0.043136    0.953545    0.127279   -0.561963    0.394381    0.008020
   -0.492389    0.718223    0.118078   -0.577828    0.721287   -0.749706
    0.870672    0.199991    0.373626   -0.970369    0.044413   -0.138982
    0.239266    0.208397   -0.198987    0.762264    0.343323    0.672769
   -0.968774   -0.003078    0.015294   -0.393446   -0.222455    0.576146
    0.562980   -0.705255    0.949296    0.092848   -0.567971   -0.765742
    0.844830   -0.530691   -0.901383   -0.337012    0.775298    0.802277
    0.752356   -0.189502    0.549704   -0.929815    0.514553    0.669060
   -0.965246    0.266233   -0.551142    0.685830    0.734095    0.805318
   -0.625088    0.823971   -0.705344   -0.637864   -0.698757    0.349472
    0.150214   -0.494637   -0.933247    0.144409    0.463116    0.645612
    0.009911    0.237198   -0.725673    0.958992    0.195171    0.267359
    0.705644   -0.332786   -0.948775   -0.075250    0.901122   -0.137119
    0.755653    0.940959    0.707703   -0.724130   -0.790799   -0.491499
    0.268320   -0.770842   -0.877036   -0.510975    0.605439   -0.599874
    0.188934    0.455986   -0.279326   -0.626420   -0.085407   -0.433576
    0.541286    0.383137   -0.764179    0.982172    0.913964    0.790022
   -0.074694    0.897564    0.452133   -0.778976   -0.205994   -0.370697
   -0.177078    0.882154    0.769685   -0.370580   -0.516501   -0.197627
   -0.614796    0.848008    0.151665    0.972733   -0.303095   -0.686153
   -0.223933    0.986094    0.539497   -0.121664   -0.241164   -0.270225
   -0.754337   -0.595437    0.941057   -0.297562   -0.808249   -0.264911
   -0.961997    0.929484    0.085659    0.082078   -0.767200   -0.490409
    0.215645    0.516566   -0.279456   -0.210458   -0.506519    0.304791
   -0.112312   -0.096592    0.321773   -0.862610    0.416625   -0.971825
   -0.867285    0.936035   -0.520272    0.664199   -0.409560    0.556584
   -0.590902    0.034677    0.098374    0.526145   -0.835957    0.874812
   -0.519613   -0.523789   -0.578788   -0.205392   -0.334950    0.992093
    0.633282    0.663149    0.228246    0.016391   -0.112997    0.148474
   -0.660371    0.178429    0.388742   -0.646470   -0.894762    0.042465
    0.598013   -0.027339    0.123194   -0.767128   -0.841411   -0.657600
    0.709347   -0.196227    0.370154    0.662469    0.020468    0.871792
   -0.376244   -0.204138   -0.662948   -0.602502    0.351717    0.151591
   -0.367937    0.523512    0.185739   -0.329726    0.197285    0.547352
    0.550357   -0.609547    0.169722   -0.579147   -0.384076    0.498840
   -0.047004    0.059293   -0.621863    0.545687    0.096591    0.714377
    0.687159    0.500919    0.939547   -0.232790    0.198778    0.080569
   -0.555059   -0.120818   -0.122757    0.034273    0.666528    0.795673
   -0.063488   -0.401938   -0.277935    0.269245   -0.391503    0.008603
   -0.554725    0.962413   -0.755847    0.958408    0.164308    0.520447
    0.752636    0.182094    0.412190    0.020268    0.644472    0.746027
    0.123277    0.907294   -0.713645   -0.461272   -0.535148    0.873818
    0.490642   -0.937884   -0.845549    0.646800    0.321015    0.742725
   -0.494339    0.034384    0.310670   -0.133151    0.679833   -0.839582
    0.620534    0.326906   -0.992354    0.143436    0.088362   -0.804081
   -0.507347    0.524654   -0.271573    0.953372    0.729759    0.015085
    0.891841    0.312373   -0.704541   -0.558761   -0.584275   -0.258765
    0.611388    0.966669    0.014972   -0.312772    0.473077   -0.537454
   -0.476390    0.737550   -0.558982   -0.198213   -0.362346   -0.935033
   -0.657957   -0.150887   -0.876457    0.676882   -0.590069   -0.485273
    0.141889    0.040640   -0.766629    0.021545    0.824829   -0.527742
    0.824166    0.001952   -0.607067   -0.468538   -0.876295    0.080115
    0.872122   -0.455494    0.821806   -0.170304   -0.148799    0.882682
   -0.203554    0.939454    0.050060   -0.895875   -0.623173   -0.205038
   -0.393500    0.338806    0.532002    0.942308    0.524082   -0.382017
    0.145605   -0.951763    0.308265   -0.763749   -0.711706   -0.080517
    0.071140    0.730420   -0.196388    0.264513   -0.869766    0.268144
    0.457728    0.236546   -0.553940   -0.498595    0.384570   -0.187609
    0.439333    0.000487    0.538714    0.815160   -0.054012   -0.652839
    0.467736    0.785885   -0.294291   -0.089465   -0.415913    0.660615
    0.922994   -0.795058    0.547969    0.447191    0.839780   -0.605500
    0.576950   -0.614102    0.812300   -0.409755   -0.871624   -0.985409
    0.490721   -0.512483   -0.737867   -0.112616    0.092548   -0.397193
    0.496424   -0.307072   -0.011432   -0.933826    0.766545    0.601825
    0.480769   -0.836062   -0.692423   -0.527712   -0.621902    0.168047
    0.825691   -0.715229    0.391934    0.688075   -0.613155   -0.237944
    0.697996    0.309254   -0.544422    0.270008   -0.245091   -0.643207
   -0.715071    0.934010    0.101473   -0.216335    0.222011    0.628811
   -0.145160   -0.067884    0.815857   -0.982210   -0.448678    0.931825
    0.704784    0.949435    0.140707   -0.709761   -0.734379   -0.991717
    0.769261   -0.816213   -0.265401    0.925762    0.001751   -0.314869
    0.898907   -0.527991    0.880357   -0.318735    0.047663   -0.496084
   -0.735344    0.898852   -0.382849   -0.049427    0.289548   -0.244376
    0.940637   -0.970066    0.182792   -0.668561    0.232845   -0.835594
   -0.111080   -0.079285   -0.372570    0.627816    0.072555   -0.317028
    0.593125   -0.171534   -0.419164    0.193605    0.063896    0.007322
    0.003072   -0.990279   -0.611356   -0.336332   -0.975048   -0.660156
    0.496606   -0.382878   -0.693192   -0.022076    0.005267   -0.038633
   -0.430182   -0.866923    0.719790   -0.593855   -0.626489    0.814394
    0.795667   -0.467124   -0.449141   -0.039998   -0.114378    0.386993
    0.446984   -0.621978   -0.237079   -0.926879    0.723766    0.834597
    0.803196   -0.001582    0.467551   -0.241710   -0.281808    0.018402
    0.788503   -0.054927    0.605991   -0.448181    0.431744   -0.760656
    0.778737   -0.720142   -0.906539   -0.161339    0.003638    0.101293
   -0.811507   -0.884621   -0.342445    0.227272    0.541413   -0.416847
   -0.761849    0.512222   -0.971386    0.850259   -0.990955   -0.465811
   -0.570126   -0.000835    0.419508    0.327244    0.615981    0.144137
    0.393056   -0.810267    0.631911   -0.142963   -0.054623    0.111427
   -0.914386    0.391607    0.170114    0.266777   -0.950036   -0.518901
    0.125191    0.965726   -0.632688    0.553568    0.421863    0.873170
   -0.966213   -0.045273   -0.899773   -0.538282   -0.493908   -0.442248
   -0.810344   -0.721070    0.586554    0.207636    0.406902   -0.647174
    0.530623   -0.842164   -0.907247   -0.059502   -0.648265   -0.731026
   -0.408698    0.088036    0.310646   -0.604737   -0.455253   -0.106281
    0.318671   -0.889180    0.304792   -0.997366   -0.440319   -0.205714
    0.594298   -0.044061   -0.898750   -0.251571    0.302498    0.059139
   -0.823085   -0.135508   -0.729510    0.001076   -0.742912   -0.918728
   -0.272379    0.525681   -0.892049   -0.395435   -0.512555    0.262244
    0.819922   -0.245553   -0.546477    0.155293    0.845516    0.024022
    0.886147    0.105443   -0.211362   -0.684292    0.114302   -0.871991
    0.261408   -0.332578    0.278580   -0.029558   -0.860079    0.669080
   -0.086205   -0.404258   -0.295383    0.437081   -0.719670   -0.676077
    0.074831    0.493531   -0.581906   -0.743120   -0.204838   -0.435608
    0.751153   -0.523021   -0.881771    0.903380    0.581710   -0.053613
    0.636979    0.728492   -0.555303   -0.001830    0.280813   -0.651188
   -0.344345    0.807717   -0.747548    0.929666    0.658625   -0.319011
    0.420950    0.763067   -0.610235    0.009395   -0.643399    0.128347
   -0.981542    0.790742   -0.478784    0.522793    0.694071    0.831435
   -0.397178    0.481779   -0.121308   -0.234373   -0.035097    0.181018
    0.815307    0.676467    0.562511   -0.553715    0.930152    0.243313
   -0.040797    0.815169    0.544512    0.956446    0.299925   -0.811945
   -0.628193   -0.866846    0.744532    0.982452    0.736962    0.379248
   -0.948739   -0.842874    0.252886    0.251475   -0.994538   -0.756876
    0.865012    0.176429    0.000016    0.115988   -0.102830   -0.283668
    0.423775    0.996222   -0.854686   -0.073731    0.779679   -0.572775
   -0.888726    0.289058    0.085705   -0.987252    0.785227    0.133730
   -0.109963   -0.982802    0.674239    0.130324   -0.456448    0.549964
   -0.818321   -0.912237   -0.440334   -0.262352   -0.373902    0.825329
    0.404462    0.443200    0.872198    0.522996    0.782051    0.099264
   -0.922979   -0.198058   -0.124291   -0.402665   -0.856703    0.818134
   -0.207344    0.326159   -0.912074   -0.368579   -0.861870    0.072308
   -0.803912    0.725090   -0.101095    0.971666   -0.326838   -0.114820
   -0.935013   -0.661048    0.845448   -0.379403    0.324846    0.482714
   -0.069188    0.081725    0.614679   -0.914155    0.510282    0.645492
   -0.675929   -0.298520    0.283575   -0.435443    0.691530   -0.645785
   -0.753936   -0.382531    0.151462   -0.157820    0.340322    0.169276
    0.689902    0.132984    0.393577    0.135216    0.857081   -0.712737
    0.000993   -0.616586   -0.462493    0.811678   -0.257104    0.447141
    0.284148    0.647387   -0.457895   -0.687976    0.456797   -0.932196
    0.215742    0.270143    0.283447    0.713096    0.262400   -0.387556
    0.768313    0.709475   -0.801482    0.742363   -0.525901   -0.216366
   -0.808916   -0.407933    0.731238   -0.921507    0.920429   -0.270063
   -0.250747   -0.642753   -0.030934    0.437282    0.346294   -0.550408
    0.919065   -0.017478    0.725112    0.006707   -0.067759    0.704702
   -0.597553    0.399246   -0.994895   -0.888849    0.790280    0.713210
    0.650956   -0.801452   -0.622158    0.959078    0.474449   -0.408271
    0.181943    0.524759   -0.108640   -0.492549    0.032200    0.746773
    0.770016    0.111584    0.574288   -0.271168   -0.055765    0.621464
    0.205281    0.544070    0.614521   -0.091658   -0.821602   -0.100407
   -0.849656    0.095916    0.332512   -0.381184    0.135982   -0.677007
    0.075592    0.190557   -0.394462   -0.070210    0.848595   -0.755774
   -0.725359   -0.816246   -0.010838   -0.713579    0.380950   -0.512609
    0.454688    0.096986    0.185815    0.625510   -0.122544    0.857879
    0.890391   -0.638351    0.206629    0.526636   -0.782480   -0.817786
    0.627206    0.564753    0.445750    0.667577    0.487017    0.841197
    0.378191   -0.129342    0.390929   -0.143070    0.075124   -0.422118
   -0.086241    0.868266   -0.598464   -0.618061    0.329809   -0.446172
   -0.879395    0.501238    0.216851    0.074152   -0.206324   -0.187102
   -0.051281   -0.476958    0.095882   -0.333762    0.346227    0.075622
    0.156727    0.276065   -0.208730   -0.105400    0.148504   -0.977689
   -0.897871   -0.372837   -0.540092    0.620845   -0.092328    0.710741
   -0.114871    0.163536    0.499655   -0.315306    0.752604   -0.278973
   -0.261543    0.256851   -0.533140    0.218437    0.828836   -0.682527
    0.029502   -0.961445   -0.018016   -0.532757   -0.606542    0.017800
   -0.320368    0.957768   -0.238128    0.613114    0.574686    0.482800
   -0.030305    0.978742   -0.018204    0.585858   -0.057192    0.947526
    0.302095   -0.270786    0.026567    0.902695   -0.687394    0.587276
    0.457235   -0.419571   -0.384274   -0.213494    0.241669   -0.473010
   -0.156917    0.933280    0.698797   -0.376960    0.510343    0.950991
    0.765312   -0.711975    0.265133    0.777280   -0.319652   -0.521907
    0.426626   -0.744471   -0.929709   -0.903735    0.481351   -0.729586
   -0.990814    0.430917   -0.781556   -0.129289    0.902450    0.566515
   -0.857837   -0.503144    0.240961    0.709864   -0.729003    0.185517
    0.810957   -0.306662    0.992773    0.316886    0.528781   -0.734926
   -0.399523    0.458538   -0.406774    0.439596    0.992547   -0.371088
    0.595591    0.760322   -0.706683    0.463858    0.560637   -0.013164
    0.068005    0.249357   -0.590367    0.619895    0.666627    0.435334
    0.876853    0.543611   -0.877583    0.735171   -0.907753    0.804084
   -0.788450   -0.302860   -0.700764   -0.103167    0.554826   -0.608644
   -0.407407    0.252521    0.466159    0.960655   -0.021641   -0.769313
   -0.165972    0.004927    0.837744    0.552319   -0.240083   -0.857882
   -0.203652   -0.256980    0.967690   -0.569806    0.016053   -0.272164
   -0.628986   -0.436262    0.083967    0.546076   -0.507321    0.201639
   -0.256223   -0.720812    0.629118   -0.236371    0.988188   -0.085378
    0.231148    0.170890    0.444261   -0.018315   -0.944261    0.327459
    0.242809   -0.530576   -0.998396    0.074170   -0.562624    0.123731
   -0.565518   -0.637690   -0.016210   -0.204757    0.812918    0.877011
   -0.066791    0.746136    0.602876    0.303961    0.136146    0.135111
    0.089834    0.461991   -0.169402   -0.690082   -0.728578    0.446007
   -0.455257   -0.628960   -0.588656    0.674921   -0.942424   -0.778519
   -0.187872   -0.285829   -0.003553    0.955253   -0.849308   -0.986029
    0.244373    0.562501   -0.695358   -0.206793    0.310575   -0.210928
    0.620512    0.063805    0.575769    0.502533   -0.608972    0.882500
   -0.149415   -0.564447    0.806924   -0.014243   -0.505815    0.539409
   -0.808955    0.688764    0.052773    0.536328    0.284796   -0.276683
   -0.238541   -0.816235    0.097984    0.933425    0.842947    0.752129
    0.325719    0.947451    0.692130   -0.469908   -0.585168   -0.983797
   -0.925934   -0.624529   -0.207191   -0.095634    0.355695   -0.477107
   -0.177989   -0.343288    0.182628   -0.524700    0.264000    0.423934
    0.831820   -0.253236   -0.944569    0.332423   -0.676489   -0.360922
    0.547453   -0.027472    0.373502   -0.284478   -0.646028    0.383379
   -0.601326   -0.844484   -0.004386    0.537389   -0.216450   -0.003640
   -0.243428    0.529784    0.325460    0.890582   -0.650445   -0.083794
   -0.072189    0.449143   -0.632101   -0.102459    0.148454   -0.874567
   -0.237634    0.059029    0.094939   -0.480491    0.493351   -0.246546
    0.990193    0.952824   -0.468373   -0.136102    0.336839    0.431522
   -0.365618    0.913565    0.336918    0.861071   -0.732678    0.168770
    0.793842    0.809517   -0.180697   -0.137660   -0.340882   -0.857031
    0.503512    0.216032   -0.010988    0.511814   -0.247036   -0.524875
    0.092973   -0.138074   -0.647633    0.515317   -0.253654   -0.390522
    0.199300    0.937103   -0.598146   -0.814336    0.353908    0.197113
    0.861934   -0.262106   -0.068847   -0.423558    0.095995    0.542544
   -0.107831    0.700850   -0.660714   -0.697851   -0.641032    0.286799
    0.812970    0.019341   -0.199666    0.332007   -0.441405   -0.184176
   -0.754485   -0.612619    0.448401    0.786870    0.348857   -0.565170
    0.499069    0.382389   -0.134401    0.917980    0.204481   -0.385024
    0.602619    0.292730   -0.413613   -0.076233   -0.025374    0.023349
   -0.712658   -0.144451   -0.910128   -0.223606    0.964539    0.110607
   -0.433860    0.028062    0.300038   -0.103681   -0.444846    0.877208
    0.409904    0.672793   -0.930996    0.544392   -0.970114    0.710072
    0.943931   -0.410852   -0.443235    0.482731   -0.131401   -0.523867
   -0.641892   -0.294339   -0.208055    0.829688   -0.578885   -0.994858
   -0.751062   -0.530197   -0.962667   -0.093177   -0.862688   -0.539688
   -0.909445   -0.660789    0.055405    0.992875   -0.330919   -0.618087
   -0.633141    0.516223    0.064668   -0.599194    0.771774   -0.961544
   -0.911824    0.875831   -0.695543   -0.844646   -0.575656   -0.304866
    0.299339    0.553486    0.515152   -0.897321   -0.661270    0.189397
    0.887172    0.237823    0.164334   -0.142810    0.067000   -0.367146
   -0.516627   -0.122422   -0.549900    0.484761    0.655898    0.356920
    0.934921   -0.500747    0.120028    0.268118    0.117726    0.845562
    0.694638   -0.447984    0.109567   -0.650758   -0.633533   -0.694842
    0.766607    0.272699    0.683120   -0.562222    0.037834    0.122493
    0.983333   -0.723831   -0.723178   -0.536459   -0.818191    0.473889
    0.787686   -0.041396    0.461973    0.156741   -0.417639    0.280247
    0.526680   -0.963453    0.818680    0.355831   -0.233499    0.212625
   -0.186650    0.579756    0.049754    0.785093   -0.431334   -0.913448
    0.367238    0.317663    0.956879   -0.375797   -0.898373   -0.181577
   -0.778570   -0.741571   -0.465000    0.070344    0.704831    0.380094
   -0.124847    0.839445    0.781376   -0.936257    0.303176    0.529533
    0.247927   -0.626044    0.718777    0.296460   -0.461178   -0.968927
    0.409295   -0.548059   -0.823262    0.520390    0.633783   -0.887197
   -0.447523    0.114819   -0.505521    0.745988    0.588036   -0.697996
    0.840596   -0.511417   -0.855293    0.219265    0.159056    0.196838
   -0.116666    0.582243    0.487912   -0.484743   -0.872298    0.680759
   -0.116966   -0.524101   -0.159583    0.372719    0.542440   -0.887361
   -0.220787   -0.214519    0.533877    0.629979    0.605205    0.785734
   -0.028372    0.293902    0.911046   -0.662052    0.497149    0.730221
   -0.207265    0.439283    0.488504    0.708778    0.335228    0.397834
   -0.906365    0.302223   -0.861134    0.534194   -0.582857   -0.267949
    0.693304   -0.016707   -0.231969   -0.620694    0.442489   -0.810473
   -0.063369   -0.783364   -0.707664   -0.748819    0.403855   -0.558815
   -0.690432   -0.300656   -0.708868    0.697390    0.133646    0.202524
    0.693446    0.480927    0.401369   -0.515408   -0.839334   -0.000828
   -0.312191   -0.022726    0.128065   -0.809243   -0.614679    0.058277
   -0.959411   -0.367319   -0.504173   -0.749841   -0.175566    0.911801
    0.611758    0.876020    0.268248    0.351844    0.412400   -0.171440
   -0.822626    0.590715   -0.714959    0.384414    0.367200    0.297203
   -0.169065   -0.306673    0.853342   -0.970970    0.967821    0.805838
    0.060255    0.373459   -0.696323   -0.300982    0.070467    0.776266
    0.255695   -0.191122   -0.877918    0.011125    0.733317   -0.826653
    0.414511    0.867669    0.614880    0.661324   -0.495271    0.668232
   -0.562829    0.955084    0.066977   -0.147388   -0.299543   -0.427261
   -0.506496   -0.326423    0.609055   -0.253736   -0.337637    0.475696
    0.891683   -0.431802    0.594172    0.082264    0.265892   -0.525897
    0.001699   -0.706811   -0.380396    0.374058   -0.519624    0.722785
    0.783572   -0.739513   -0.490131   -0.437820   -0.282349    0.107404
    0.563225   -0.961353   -0.814630   -0.781301    0.262946    0.716546
    0.943821   -0.108611   -0.105402    0.100870    0.505252   -0.095192
   -0.244601   -0.597177    0.259154    0.872330    0.965890   -0.705484
   -0.647248    0.436690    0.530156   -0.961759   -0.925101   -0.081133
    0.328442   -0.072197   -0.925446    0.554244   -0.677370   -0.575806
   -0.791289    0.639615   -0.388680   -0.020047    0.837002   -0.422553
   -0.802425   -0.986358    0.130775    0.719831   -0.893145    0.040889
   -0.789792   -0.304861    0.449898    0.047586   -0.251758   -0.058891
   -0.188390    0.462520   -0.213318   -0.695090    0.036571   -0.574179
    0.667147   -0.144441   -0.975115   -0.535742    0.470530   -0.820312
    0.811350    0.374951   -0.085240   -0.962209    0.286276    0.402880
   -0.831855    0.566005    0.379060   -0.487578   -0.643560    0.294314
    0.909088    0.167490   -0.777385    0.701665   -0.928183    0.122100
    0.357557   -0.542172   -0.684341   -0.726916    0.500788   -0.764875
   -0.042577   -0.388271   -0.190923    0.812819   -0.215932    0.141666
   -0.241239    0.029630    0.632351    0.439869    0.284769   -0.599560
   -0.852890    0.484799   -0.038724   -0.166306   -0.463490   -0.252730
    0.909109   -0.832788   -0.775089    0.306572    0.377484   -0.144096
    0.043543   -0.128943   -0.432276    0.052070   -0.083939   -0.757144
   -0.688306    0.096673    0.876609   -0.201385    0.097614    0.854921
    0.773487   -0.848404   -0.045177    0.245226    0.058660   -0.985870
    0.110707   -0.303774   -0.346040   -0.889956    0.319947   -0.509083
   -0.348228   -0.081177    0.806402    0.437890    0.303600    0.886636
    0.997884    0.108096   -0.927431   -0.178822    0.438730   -0.729073
   -0.344645   -0.012573   -0.563259   -0.071219   -0.858274    0.242109
    0.193273   -0.494763    0.385882    0.567453   -0.486629   -0.055468
   -0.325864    0.153258    0.685128    0.303089    0.794320   -0.746563
   -0.922790   -0.376406    0.242449   -0.788098    0.033071    0.655571
    0.329984   -0.961578    0.671183    0.329392    0.517817   -0.483287
    0.416224    0.233715   -0.374533   -0.643848    0.073316   -0.381679
   -0.738635    0.475694   -0.322014    0.753131   -0.301240   -0.009109
    0.368611    0.741068    0.087161   -0.653126   -0.349977    0.640783
    0.608681   -0.316991   -0.754358   -0.417336   -0.477241   -0.073893
    0.738468   -0.519938   -0.984011   -0.662371    0.597469    0.757037
    0.309967   -0.928030    0.695661    0.627753   -0.149250    0.777536
   -0.025230    0.055860    0.387743   -0.919703   -0.561516   -0.634182
   -0.839770   -0.341891   -0.735025   -0.041524    0.073933   -0.368426
   -0.256826    0.243144   -0.682061   -0.614737   -0.449812    0.876321
    0.059819   -0.826147    0.479286    0.116465    0.211395   -0.128391
    0.734728   -0.417918   -0.185380    0.466240   -0.188305   -0.860025
   -0.075085    0.351741   -0.428860    0.592309   -0.142908    0.737298
    0.326571    0.924832   -0.849068   -0.277544    0.211207    0.968748
   -0.878041   -0.039946   -0.188848    0.419947    0.173570   -0.471056
   -0.220558   -0.282549    0.412146   -0.174146   -0.037397    0.079204
    0.568117    0.621039   -0.129998   -0.178204    0.302462    0.663377
   -0.663993    0.222762   -0.527628   -0.669806   -0.724501   -0.601333
    0.598463   -0.534660   -0.664456    0.977969    0.986507    0.095601
   -0.942092   -0.514590    0.657059   -0.901544    0.525741    0.048756
    0.659849    0.384943    0.083392    0.344956    0.389253    0.125657
    0.352365   -0.986566   -0.165033   -0.224330    0.755260    0.185867
    0.303467   -0.148374    0.543635   -0.151917   -0.924905    0.083882
   -0.476359   -0.968276    0.285561    0.432595    0.573460   -0.446310
   -0.544994    0.584448   -0.531560   -0.707806    0.522193    0.764970
   -0.944656    0.666295    0.788422   -0.291505    0.568048    0.688484
   -0.092558    0.759425   -0.481614   -0.179454   -0.446417    0.335787
   -0.879562    0.598976   -0.604089   -0.095671   -0.343937   -0.698627
    0.327944   -0.104192    0.137271   -0.533671   -0.639406    0.670557
    0.291111   -0.756825   -0.365647   -0.479320   -0.517370    0.254467
   -0.322157   -0.662431    0.767910    0.461372   -0.058411   -0.576958
    0.241778   -0.706844   -0.997143   -0.656824    0.633985    0.481284
    0.629163    0.420600   -0.694043   -0.712940    0.879036   -0.513790
    0.334063    0.356635   -0.023379   -0.119538    0.088362    0.545603
   -0.853686   -0.439342    0.365290    0.383605    0.489103   -0.539145
    0.187476    0.099618    0.149114    0.999021   -0.642565   -0.154009
   -0.494509    0.923741   -0.959722   -0.014336    0.191500   -0.783359
    0.554875   -0.669630   -0.368652    0.310070   -0.736930   -0.138501
   -0.378455   -0.298773   -0.375441   -0.675121   -0.050781    0.838128
   -0.073780   -0.387151    0.945400   -0.404992   -0.672236    0.067785
   -0.062221   -0.512910   -0.818800    0.029894    0.279951    0.118682
   -0.720954    0.907741    0.017702   -0.015249   -0.028377   -0.722204
    0.131720    0.245322    0.849887   -0.404658    0.157059   -0.482381
   -0.058224    0.889610   -0.917214    0.415272    0.029193   -0.982992
   -0.134804   -0.767677   -0.570933   -0.659577    0.717747   -0.115790
   -0.398712    0.662400   -0.421285    0.058520    0.432032    0.830457
    0.639666   -0.308528    0.763544   -0.535275    0.230090    0.582154
    0.398027    0.321858   -0.005713   -0.297022    0.548675   -0.214087
    0.015459    0.476651    0.298466    0.074935    0.991752    0.653148
   -0.263729   -0.937712   -0.974138    0.949894   -0.318284    0.277086
    0.767582    0.896542    0.237041   -0.502201   -0.491128   -0.001640
    0.070266    0.641732   -0.611897    0.064809   -0.367216   -0.180337
    0.863933   -0.492203    0.394706    0.973935   -0.556350    0.379667
    0.714804   -0.225853   -0.484248   -0.887826   -0.149941    0.982791
   -0.853698    0.926558   -0.699330    0.466032    0.384094    0.765789
    0.872667    0.260074    0.628852    0.070096   -0.298663    0.642240
   -0.682229    0.648008   -0.558073   -0.538167    0.590723    0.117599
    0.350573    0.530496   -0.782678   -0.854701    0.642623   -0.096031
   -0.662698    0.491542    0.904092    0.967360   -0.971753    0.366921
   -0.663267    0.242011   -0.657189    0.164012    0.780691   -0.343732
   -0.083115   -0.050105    0.464804    0.624420    0.529978   -0.380490
    0.946044   -0.620375    0.590267    0.173708   -0.501708    0.606189
   -0.786610   -0.397000    0.377813   -0.638643    0.281866    0.245147
   -0.531029   -0.218325   -0.482563   -0.348908    0.398011   -0.171187
   -0.241696   -0.979111    0.412204   -0.098181    0.321594    0.620427
   -0.409253   -0.302444    0.018356    0.570008    0.644730    0.501345
   -0.694903   -0.526743    0.285050   -0.150813   -0.599601   -0.982903
    0.492434    0.875238   -0.724259   -0.140995    0.909186   -0.795064
    0.634388    0.461142   -0.527281    0.825242    0.689858    0.031895
   -0.829425   -0.560520   -0.208068    0.403577    0.139738   -0.685349
    0.540124   -0.985327    0.040598    0.518031   -0.707950    0.781275
   -0.891964    0.028022   -0.941120    0.550753   -0.884587    0.238899
   -0.452736   -0.714918   -0.732745    0.502166   -0.283769    0.733118
   -0.324353   -0.845141   -0.758897    0.147726   -0.857103    0.949315
    0.341636    0.688412   -0.446964   -0.436622    0.608224    0.463034
   -0.420121   -0.247207    0.178371    0.293961   -0.533943    0.565850
    0.315808   -0.151471   -0.783212    0.611249   -0.730651    0.131672
   -0.546455    0.058747   -0.450268    0.203929   -0.488803   -0.704770
   -0.734510   -0.473451    0.389685    0.555145    0.928539   -0.080677
   -0.750116    0.416459   -0.077536   -0.267665   -0.997288    0.976346
   -0.881034    0.157157   -0.908587    0.695889   -0.217148   -0.099028
    0.300670   -0.543022    0.051282    0.731063    0.725383   -0.436847
    0.019996    0.026620   -0.599160    0.442353   -0.258119   -0.894536
   -0.799274    0.782760   -0.454529   -0.960605   -0.976333   -0.020285
    0.020542    0.182752    0.112332    0.884066    0.885865    0.823319
    0.116290    0.828421    0.458348   -0.445195   -0.942494    0.066402
    0.472470    0.836771    0.387168   -0.458400   -0.788473   -0.663088
   -0.973902   -0.648006   -0.840639    0.511235    0.703846    0.025219
    0.474181    0.897649   -0.302770    0.574146   -0.704441    0.179373
    0.573344   -0.480743    0.871656   -0.752514    0.950232    0.230901
    0.157847    0.803608    0.363140   -0.705733   -0.275985    0.381629
    0.354635   -0.383908    0.968053    0.878215    0.749921   -0.851057
   -0.167459    0.408233   -0.819828    0.061735    0.031520   -0.090963
    0.877062    0.066631    0.471728   -0.403444   -0.828687    0.025130
   -0.790057    0.043052   -0.935682    0.396425   -0.546701    0.729589
    0.026808    0.926426    0.374664   -0.755862    0.393057    0.795323
    0.535771   -0.295194    0.701051   -0.915722   -0.955598   -0.434976
   -0.676995    0.126814    0.778052   -0.053572    0.634422   -0.735606
    0.886650   -0.575451    0.556711   -0.618700    0.068120   -0.170534
    0.573608   -0.162610   -0.938098   -0.704948   -0.851873   -0.140130
    0.177167   -0.220326   -0.201060    0.212066   -0.877922   -0.352896
   -0.296955    0.250398    0.319360   -0.569804   -0.805227   -0.566639
   -0.991034   -0.136942   -0.523316   -0.524723   -0.077114   -0.115034
   -0.542710    0.402858    0.956611   -0.173964    0.637076    0.214200
   -0.259224    0.880854    0.978803   -0.912333    0.177565    0.869099
    0.497988    0.900612    0.775986   -0.983176    0.664299    0.678119
   -0.949799    0.027023    0.253926   -0.275097   -0.791147   -0.901801
   -0.057458    0.888661   -0.568548    0.105243   -0.538011   -0.088381
   -0.408226    0.020448   -0.453917    0.650832    0.698653    0.382887
   -0.495965   -0.708668    0.430949    0.072306   -0.924758   -0.872492
    0.978614    0.071559   -0.188420   -0.226085    0.089349   -0.547186
    0.000566   -0.568716    0.453877   -0.058544    0.639943   -0.730107
    0.972183   -0.573468    0.029266    0.672201   -0.100622   -0.027758
   -0.684257   -0.027481    0.982492   -0.293602   -0.863207   -0.382758
   -0.149704    0.757729    0.625190   -0.764588    0.106293    0.617564
    0.915296    0.403398    0.554405    0.905789    0.094269   -0.098597
    0.636512    0.651654    0.119806   -0.442997   -0.426191    0.062318
   -0.058372    0.184329    0.914216    0.964211   -0.499483   -0.172886
    0.910260    0.650342   -0.629656    0.421400   -0.031765    0.693257
   -0.855192    0.820259   -0.287622    0.679394    0.868013   -0.208516
   -0.422023    0.755716    0.386306    0.996546    0.699112   -0.705561
    0.147062    0.642079    0.715847    0.845767    0.862796   -0.741766
   -0.360561    0.491971   -0.147363   -0.476834    0.370579    0.018255
    0.205827    0.572718    0.055081   -0.511372   -0.517982   -0.843515
    0.594030   -0.375351   -0.147612    0.426345   -0.389884    0.118814
    0.892300   -0.062357    0.776402   -0.983804    0.437481   -0.283100
    0.529287    0.128274    0.501913   -0.230657    0.535731    0.660865
    0.713887   -0.559164   -0.674180   -0.244352    0.367597   -0.448866
    0.929415    0.631783    0.263522   -0.213193   -0.258012    0.231729
   -0.760214    0.463841    0.208731    0.842346   -0.112593   -0.582369
   -0.873314    0.454693   -0.032939    0.965544    0.717557   -0.068357
    0.437030    0.225573    0.330216   -0.758876    0.319120    0.653262
    0.317833    0.879079   -0.952863    0.497566   -0.671465   -0.901136
   -0.828397   -0.993997    0.918950    0.567613   -0.624501   -0.270089
    0.603538    0.413999   -0.216362    0.091893   -0.321588    0.378034
    0.175040    0.271137    0.873923    0.634352    0.850316   -0.819775
   -0.523460   -0.351851   -0.965891   -0.577490   -0.745904    0.146510
   -0.093312   -0.514409   -0.444469    0.062254   -0.750347    0.132162
   -0.039377    0.685080    0.603029    0.186785    0.315298   -0.935837
   -0.067972   -0.847673    0.334708    0.434879   -0.809720    0.396577
    0.915812    0.086333    0.150070    0.366181    0.811997    0.737344
   -0.348332   -0.915349   -0.247252   -0.302597    0.252216    0.307922
    0.587140    0.907869   -0.002655   -0.374679    0.446633    0.846805
    0.794347    0.367718    0.103468   -0.603947    0.917109    0.333453
    0.190424    0.842303    0.932171   -0.526262    0.823876    0.673002
    0.686831   -0.825499   -0.747462    0.531458    0.147313   -0.339531
    0.551527    0.878753   -0.328747   -0.965943    0.484245    0.041933
    0.515330    0.287359    0.583762    0.199642    0.168595   -0.081826
    0.240493   -0.894502    0.982649   -0.485660   -0.232631   -0.455356
   -0.780864    0.815092   -0.781110   -0.391405    0.134544    0.819930
   -0.952473   -0.183659   -0.214178    0.915735    0.896706    0.563396
    0.274071   -0.967665    0.306612    0.530721   -0.371720   -0.296108
   -0.031690    0.197369    0.383356    0.993174    0.339251   -0.985205
   -0.697910   -0.066489    0.829793   -0.308831    0.154136   -0.466484
    0.957233   -0.486102   -0.149268    0.119716   -0.946832    0.018142
    0.567521   -0.649248    0.660887   -0.052247    0.557338   -0.416632
   -0.181165    0.297231   -0.116146   -0.238160    0.878717   -0.423159
    0.730559    0.142161    0.145036   -0.810157    0.535673   -0.657336
    0.436030    0.954856   -0.185005    0.358625   -0.233188   -0.934733
   -0.907050    0.935066   -0.802510    0.574121   -0.166079   -0.357942
    0.721573   -0.793117   -0.791066   -0.135577    0.211302    0.490528
    0.240648   -0.026646    0.501631    0.776702   -0.376711    0.233120
   -0.661756   -0.581258   -0.465713   -0.631191    0.935152   -0.448846
   -0.799693   -0.341972    0.479493   -0.020721    0.557320    0.502249
    0.403926    0.316279   -0.078202   -0.310146   -0.881780   -0.799180
   -0.807757    0.901740   -0.034077   -0.193006    0.383806    0.563862
   -0.980905    0.913096    0.590456    0.064637   -0.005516   -0.456137
   -0.553331   -0.912466   -0.304014    0.128072   -0.246741    0.040080
    0.894576   -0.936769   -0.793796   -0.049724    0.120803   -0.112761
    0.753013   -0.577431   -0.284527   -0.985078   -0.110828    0.775666
    0.708446   -0.700535   -0.975791    0.391650   -0.484687   -0.842328
    0.612318   -0.634595   -0.732146    0.493895   -0.406795   -0.982852
    0.904728   -0.184430   -0.918110   -0.544899    0.297148   -0.970654
   -0.700109   -0.936355   -0.835493    0.971370    0.859868    0.918284
   -0.115558   -0.235355    0.461931   -0.853598   -0.355575    0.309605
   -0.177466   -0.002703    0.485745    0.273528    0.715421   -0.931646
    0.234322   -0.494610   -0.131042   -0.161529   -0.358041   -0.516667
   -0.736496    0.198013    0.431992    0.972356   -0.183191   -0.132817
    0.820719    0.480820    0.906288    0.389824   -0.367186   -0.363050
    0.485437   -0.770150   -0.579638   -0.835111   -0.108132   -0.771757
   -0.745663    0.382563    0.209898   -0.875069   -0.922826    0.596040
    0.625404   -0.460488    0.399078    0.571187   -0.518654    0.947712
    0.694242   -0.753373   -0.574347   -0.748108    0.745511   -0.862193
    0.561640    0.532603    0.227389   -0.918764   -0.980619   -0.610784
   -0.254618    0.400725    0.718801    0.477721   -0.470439   -0.394840
    0.426488    0.316200    0.053234    0.331165    0.107418    0.647993
   -0.815523    0.844425    0.096581   -0.597937    0.535025    0.199555
   -0.732482    0.708132    0.607809    0.778864   -0.749031    0.261612
   -0.587672    0.103746   -0.351082   -0.221789   -0.580161   -0.428530
   -0.923740   -0.147609    0.368892    0.693039   -0.015033   -0.776223
   -0.200704    0.746907    0.333476   -0.964252   -0.658083   -0.416324
   -0.125181   -0.970383    0.572254   -0.252755    0.323064    0.865232
   -0.233629    0.214068    0.798063    0.167594    0.635264   -0.831454
   -0.988653   -0.225407   -0.233718   -0.108231   -0.432585    0.095809
    0.613710   -0.540797   -0.385266    0.582310   -0.628894   -0.919200
   -0.800331   -0.320076   -0.605987   -0.704536   -0.785307   -0.914739
   -0.002450   -0.102479   -0.526057    0.780530    0.162606    0.252199
    0.197448    0.309688    0.806830    0.615753   -0.165215    0.026767
    0.565986   -0.443986   -0.605103   -0.478402   -0.156903    0.946512
    0.990523    0.206875    0.715355   -0.224441    0.481469    0.995375
    0.012303    0.785428    0.715475    0.320326    0.920239    0.186868
   -0.793736   -0.189431   -0.977794   -0.240285   -0.961281   -0.799125
   -0.056395    0.549747    0.125261   -0.730892   -0.838170   -0.071835
    0.415774   -0.429374    0.207112   -0.439201   -0.733936    0.915735
   -0.658966    0.906249   -0.479878    0.963879   -0.672789   -0.231721
   -0.395134    0.237664    0.428475    0.626028   -0.074642   -0.248018
   -0.631835    0.465741    0.736212   -0.784979   -0.380006   -0.206494
    0.314285   -0.072452   -0.247397   -0.562095   -0.549866    0.242230
    0.621703   -0.957610   -0.138877    0.165579   -0.561059    0.565290
   -0.782284    0.966263   -0.257934    0.706173   -0.439526   -0.743118
    0.903282   -0.764449   -0.434155   -0.772663   -0.395837   -0.360786
   -0.246660    0.422739   -0.992765   -0.951474   -0.194496    0.136302
   -0.461236   -0.050601    0.278952    0.735701   -0.859602   -0.993568
   -0.050250   -0.320251    0.615051    0.960520    0.240860   -0.052729
    0.326635    0.426478   -0.704241    0.198079    0.673562    0.060338
   -0.041655   -0.191657   -0.263506   -0.222042    0.749408   -0.484054
   -0.119025    0.811923   -0.051795    0.242418    0.825500   -0.126377
   -0.169329    0.902836    0.289853    0.638675    0.559710   -0.186330
    0.877199    0.556095    0.713508    0.361352    0.378429    0.397000
    0.344763    0.207225   -0.847728   -0.470614    0.941915   -0.629301
    0.327844   -0.505816    0.930325   -0.018084    0.728114   -0.933557
   -0.196948   -0.637604    0.823092    0.017403    0.911463    0.794422
    0.022514   -0.534322   -0.375320    0.656978    0.178078    0.332189
    0.933316   -0.420534   -0.039667   -0.592060   -0.359161   -0.552361
    0.733651    0.702631   -0.293094    0.124374   -0.469315    0.253495
   -0.645469    0.795459   -0.869853   -0.226554    0.141680    0.023600
   -0.383018   -0.255486    0.736338   -0.638020    0.218943    0.036901
   -0.456753    0.204869    0.078540    0.179425    0.246504    0.678763
    0.992926    0.688173    0.763985    0.767283    0.608103   -0.025385
    0.783765    0.967174   -0.911633    0.523061   -0.909559    0.651244
    0.623071   -0.675212   -0.193871    0.476875   -0.625728    0.920642
    0.573280   -0.316961    0.065792   -0.909559    0.810495    0.137979
   -0.063936    0.529670    0.740727   -0.681176    0.203807    0.234660
   -0.796869   -0.069307    0.547927    0.696359   -0.407266    0.594935
   -0.881517   -0.578925   -0.161104    0.906994   -0.609682    0.772768
    0.507858   -0.561403   -0.914108   -0.306616   -0.807665    0.260524
    0.887326   -0.726147   -0.500537   -0.698158    0.828558   -0.141159
   -0.642076   -0.016590    0.209934    0.399647    0.216052    0.828364
   -0.877443   -0.308218   -0.042953   -0.329991    0.472881   -0.190456
    0.274040    0.013099    0.003568    0.273515    0.565965    0.268737
    0.532096   -0.613865    0.166240    0.336707    0.700138    0.183018
    0.479434    0.694637    0.387026   -0.602498   -0.981785    0.245834
    0.033723   -0.021428    0.649270   -0.200022    0.717254    0.710826
    0.538706   -0.290456    0.206343   -0.243173   -0.093836    0.610944
    0.184908    0.502120   -0.673222   -0.727803    0.308537    0.019692
   -0.193458   -0.482380   -0.117198    0.031199   -0.018878   -0.237295
    0.012374   -0.280897   -0.318812   -0.394777   -0.313896    0.188902
    0.592675    0.049927   -0.771724    0.007019   -0.616333    0.529230
   -0.835908    0.766988   -0.486633   -0.437680   -0.672831    0.931765
    0.087092    0.712965   -0.002681   -0.584334    0.840159   -0.237781
   -0.440137    0.299586   -0.947459   -0.324838   -0.798656    0.769732
   -0.364623   -0.324074    0.094580    0.741129   -0.480084   -0.917913
   -0.470778   -0.851123    0.315234    0.836602   -0.071635   -0.145328
   -0.175151    0.981838    0.165008    0.675504   -0.606832   -0.553899
    0.449499   -0.524918   -0.711560   -0.457846    0.831780    0.833274
   -0.526863    0.007177   -0.189048   -0.246676    0.988640   -0.707443
   -0.976378   -0.103699    0.571793   -0.959722    0.742388    0.163234
    0.208743    0.770604    0.905658   -0.023829    0.727400    0.504850
    0.757761   -0.494007   -0.716305   -0.000428    0.621440    0.222579
   -0.554691   -0.189053    0.903547    0.441954    0.621732    0.072345
   -0.497331   -0.938595   -0.784339   -0.227792   -0.549640    0.084397
    0.749080    0.694738   -0.219192    0.393006    0.590684    0.951711
   -0.267011   -0.290594    0.564350   -0.852713   -0.803375   -0.718082
    0.106211    0.643672   -0.540421    0.736648    0.960715   -0.079996
   -0.689912    0.898257    0.238724    0.700512   -0.851306    0.086457
    0.788669    0.573243   -0.498697   -0.070468   -0.826096   -0.943650
   -0.826487    0.911521    0.143654    0.697512   -0.477695   -0.298515
    0.080196    0.738997   -0.003211    0.488104   -0.858421    0.943884
   -0.159881    0.177522   -0.332486    0.006703   -0.537739    0.889266
   -0.757515    0.110011    0.950610   -0.621953    0.946867   -0.750577
   -0.469998    0.464500    0.834046   -0.128627    0.126665    0.348263
   -0.698846   -0.353355    0.739500   -0.916961   -0.659912   -0.528430
   -0.892634   -0.816578   -0.856097    0.399141   -0.839968   -0.922579
    0.595434   -0.051090   -0.662744   -0.988750    0.991875   -0.848661
   -0.905801   -0.826457   -0.178270   -0.854661    0.441568    0.265766
    0.447834    0.941478   -0.979942   -0.571732    0.618301   -0.331978
   -0.257968    0.886687    0.309296   -0.661621    0.065816   -0.829623
   -0.106264   -0.981731    0.577543    0.827388   -0.448430   -0.431928
   -0.108866   -0.555288    0.460677    0.925940   -0.152918   -0.182256
   -0.638897   -0.694640   -0.642351   -0.034678   -0.268946    0.828515
    0.657215   -0.294388    0.530162    0.366535   -0.795712   -0.438448
    0.835867    0.634982    0.778407    0.957774    0.339913    0.721843
    0.206193   -0.069371   -0.501221   -0.799781
