          -9          13          49         -25         -37          -2
          45         -48          33          -7           7         -27
          21         -17          23          29          -4         -36
         -18           8           3          41         -10          27
          20         -22         -13          28         -38           4
          44         -16          17          37          43          10
          -1         -45         -26          26          -5         -50
           9         -43         -20           0         -30          40
           6         -39          11          34           2         -49
          19          15          24           5         -24         -23
          22          31          47         -29          -3          42
         -31         -15          -8          14          25          32
         -44         -11           1         -47         -34          -6
         -14         -35         -41         -19         -28         -33
          30          46          39          35         -12         -46
         -42          36          16         -32         -21          12
          38          48          18         -40
