          11          18         -63         -56         -39          -5
         -80        -100         -47          71         -28           1
         -95          61          48         -21         -44          76
         -62         -29          -8         -16         -38         -82
         -20          64          90         -10         -76          -7
         -91         -48          75          10          79          67
         -88          15         -27          22          91          63
         -66           5         -41         -73         -79         -14
         -33          56          16         -43          97          41
          80         -17         -59          73          -9         -25
         -12          83         -68         -74         -69         -11
           4         -99         -22          77         -42          70
          -1          30          33         -58         -61          19
          87          94         -51          24          78         -15
          57          68          21          44          66         -34
         -32          43          29         -93          96          51
         -90         -31           0          17          14          42
         -97           9           3         -35         -70         -19
         -36          28          62         -18         -81          81
          -4          82          45          20         -52          46
         -94          84          69          85          12          40
          89          92         -86          39          34          99
          49          52          53          98          59         -45
          26         -89         -96          13         -46         -77
          50         -24         -54         -71         -53         -30
         -87         -50          25          93         -84          55
          35         -72          -6         -67          60         -40
          47         -60           8         -26          -3         -92
          74          54           6          36         -98         -64
          88          27          72           2         -65         -85
         -78         -75          37          32          -2         -49
          38          23         -57         -37         -13          95
          31          65         -23          86           7         -83
          58         -55
