        -200        -157         150         -46        -195          67
          47         -71         132          40        -105        -145
        -176         -42          20         -12         133        -109
         168         129          27         -34        -190         139
         -83         126         154        -100          79        -162
         -51         -20        -126        -197           0          35
        -134        -151        -191         144          33         -56
         194         141         -50        -135         -32        -118
          89         -86         199          71        -124         118
         135        -127         124         -10          38        -102
        -174         -55        -149         -85        -116         119
         -48         -33        -132        -182         105        -129
        -106           1        -194         -14         -80         -70
        -112         -60        -142         -11        -122         -99
         -94        -125         123          15          54         121
         174        -107         198        -133          52         -43
        -192         107         157         -76        -163        -164
         183        -153         161          99          58         104
         110         193         -59         -92         -39         -97
         190           7          42         -79        -137          -3
         120          43        -115         -88          83         147
        -147        -184          77        -198         197        -130
         -78        -111         -47          73        -155         169
         160          88        -103          64          22         186
           5         163         171         -23         166         113
        -189          18          61          41        -108        -193
          93         -72        -170        -104         181          65
         156         -38          25         100         -93          39
        -146         140         -67          98        -175         116
        -123         155        -140         -13         -84          -4
          68           4          37         142          50          34
         195          53         159         182         -25          97
          13        -119        -179         -18        -173         -74
         184          -6         112        -131         145         -27
         -49         191         136          85          56          95
          82          59         108        -158         -53         -37
        -168         137         -35          46         -73          92
          74          90        -172         -81         117         176
          69         111          11         -64         173        -180
        -136         -29          21          31         -54         -17
         134          29         109          81          24          30
        -143         167        -188        -161         -28          62
         187         127          86         -61         -19         -63
        -196         -16         -95         196          70         125
          14          44         153          26        -110         165
         -57          63          12        -178         -36          87
          66        -117         179        -199          84        -159
        -121          91          -2         177         -75        -185
        -171         -26        -141        -156          48        -152
          28         152         178         146        -144        -139
         -24        -169         -52         103         -58        -177
        -148         192        -128         -31         164          51
         -44           9         115         122         -89         -96
         -40         128         180        -183          49        -114
           8           2          -8         -45         -65        -113
         143        -181         -77        -167        -160          57
         -30         -82         102          -7          96          78
           3          94         -91         162          36          60
         -87        -186         151        -120          -9        -187
        -150         148          10           6         -69          76
         -98         106         138         -41        -138        -165
         189          19         -62         170         101         158
         185        -101         -68         114          80         130
         172          -1         -90         -15          45          55
        -166          75          32         149         -22         188
          16          23         -66         -21         131          -5
          17         175        -154          72
