        -136        -161        -251         239         -89         201
          88         299         -86        -130         188         258
        -249         295         148         253         202         208
          49         153        -260          93        -156        -208
         -36         -77          75        -181           7         -67
         244        -125         181        -243        -114        -196
          26           8         171        -219          65        -164
         -62         115          34         193          37        -294
         -87        -227          -8           5          -3         293
        -116        -282         -61         -16         -76         280
        -154        -158         140         275          82         147
         -12         159         -23         298        -280        -171
        -210        -146         141          53        -121          18
         113         287          94        -143         294         -28
         -57         -39          14         168          80        -129
          20        -262          58         198          27        -264
         -47        -197        -274         -10        -149         -15
          41        -163        -248         248        -111        -195
        -270         289          30         100         189         235
        -103        -179        -106         -26         144         -70
         122         273         192        -203        -184        -283
         296          43        -128        -220         210        -296
         -43        -151         269          60        -288          69
        -120          50        -289        -139         -85          77
        -112         -41        -293          54         120          19
        -138         133        -180         -88        -276        -259
         177        -117          56        -252          57        -123
         260         -52         241         132        -131        -102
         179        -300        -169         272        -290         215
         -14         224         125        -261        -174        -292
         103          47          71          98         116          68
          61         -60        -240         -90           3        -137
         230        -108        -281          -9        -224         262
         204         137         -18          40         197        -255
        -221        -153         195          67        -150        -244
        -242          52         288         199         127        -140
          81        -233         211         255          23        -173
         196         187         225         222          29         -71
         285         -48          11         -53          63         107
         110         114         217        -104          85         -91
         264         -22        -160        -273        -286          13
          99         -55         -73        -162         -66        -285
        -213         -84        -245         170           2         -74
          95          -2         247         151         -32         142
         117          17         160         104         270        -229
         209         250          76          79        -141          73
          62         -56         237         -72         150        -152
        -145         152          45        -295          24        -214
        -236        -193         -58         240        -201         -35
        -266          22        -253         267        -147         101
        -100         -98        -212          83        -190         166
         106         139         135         121         167        -231
         220         228         236        -187          -7         180
         -63         252         173         -13         146        -205
        -278        -118         -99          46        -192          90
        -235         183        -269        -170          31         129
         278        -132          36          64         169        -175
         -94         206        -217          39         176          48
        -222         -65         -20           4        -182         -97
        -134        -109         185        -166        -183         -17
          -1        -238        -271        -199        -237         -92
         207         238         -24         149         154          28
         143          15          86          38          84           9
         286         246        -234        -178         254         130
         -78          51         138         -38        -232        -168
         182         -75         251         123         118        -113
         216         -79         -68         112         162         186
         218         -45        -225         214          74         109
         108         165        -277        -287         266        -299
         -21        -107          16          70        -127        -279
          66         292        -239          35         -50        -159
        -188        -250        -226         -19        -206         156
        -204         268        -135         -49        -122         131
         249        -155         128          42         105        -268
         242        -194         297         -27           0          87
         231         -11        -200         158           1        -247
         155         284         161         229         271         282
         -59         200        -119        -254          92         -34
        -105          89        -202         -29         -64        -257
         205         102         265        -228        -272        -246
        -298        -126         124         213          12         279
        -185        -167         -25        -148         226         274
        -256         126         163        -133         -40         -81
         277        -198           6         191         291        -275
        -263        -176         -54         -93         212          -6
        -124        -110         -37         194        -157         261
         203         -31        -258         281          78        -265
         223         184        -267         -69         175         -51
         190         164         -44        -115         -46          96
        -241         -96        -186         178          97         233
        -101        -215          55          72         -83         -95
         263          91        -218         243        -165          32
        -211         119         145         221        -144         234
         245         227         172         -80        -291          59
          25         219          33         259        -216         256
        -142         232          21         136         276        -209
        -207        -191         283        -297          -4         -82
        -230         -33        -223         157         290          44
          -5         111         134        -284         174          10
         -30         -42        -172        -177         257        -189
