         182        -164         366          17        -232          97
         220        -352        -375         -96         -63         -86
          73        -306          -1        -192        -354         -38
        -155        -363        -204        -350        -252        -202
        -243         -79        -368        -294         272         174
        -338          57         207         316          20           1
         175         297        -146        -279          64        -318
        -115         -40        -341        -240          21        -343
         361        -344        -174        -228         339        -268
         133         -94        -280        -140         -70        -377
          46         225         241         223        -321        -227
        -230          51         -83         -91        -220         -97
        -346         162         -16        -267        -219        -351
         362        -235         284        -100          33        -323
        -380         232         -68         173         394         110
        -187         -52          61          69          79         336
         159        -339        -216         143        -333        -233
         399         326         -14        -360         -21        -210
         320         140         271        -278         -23        -153
        -111         -22          44        -356        -170        -102
         147        -335        -183         105         137         -99
         204          49         283        -200         281         145
        -328          27          98         -46          34         131
        -373           4         357        -262         325        -237
         369          12         317         254         136         387
        -311        -225          72         230         367        -182
        -336         -72          93        -399         156          11
         202         135           3        -195         112        -173
        -370        -251         -78         126        -203        -266
        -325         -13         226        -359        -117         385
         -66          25         -48        -345         -58         -37
        -264        -349        -272         -32         -69           5
        -113        -191        -249          87         368         -76
         120         141        -222         200         217        -239
         149         -51         122        -168         178         263
         130          95         -20          42        -390        -179
        -185         -95        -106           7         292         239
        -148        -288        -290         -62          38        -382
         134         201          37        -160         269        -255
        -396         321         -47         260        -378        -103
         373          84        -383         396         296        -194
        -127        -118          -9         188         280        -224
         273        -372         397        -303        -260         161
         305          -6        -108         103        -391         -56
        -104         229        -161        -142        -131        -211
        -322         274          94        -188         195         -43
        -154          48        -324        -261         334          85
        -151        -300         -17          18        -137         348
        -365        -101         376        -394         -34        -395
         -44         148         277          74        -177        -145
        -221         265         355         191        -361        -247
         393        -313         -11         383          86         242
        -270        -388        -122         378         -77        -107
        -123         318         -93        -125        -134        -269
        -358        -289        -376        -285         114         170
        -217         343         363        -236         351          14
          83          31        -120         -41         118         247
         -54          -5        -386         167         210          -3
         176         102         333        -329          88         398
         231        -332        -226          99          60         -18
        -326         -75         289         235         327          76
         211          -2        -292         183          62          47
         123          80        -186        -304        -298         144
         139         -89         106         246         168        -162
         132         100         -29          35          -8        -143
         189         261        -166         298        -246         -49
        -147         187         181         243         216         151
         198           6         180        -205         196         390
        -287         306        -207        -385         391         127
         -19         307         384         258        -163        -213
         -15         293        -135         285         344        -291
         353        -302          82          -4        -214         382
          19        -387          40        -196          23         212
         256        -171         360         255        -105         172
         224        -197          55         267         364        -393
         233          67         228        -281        -159         311
         142         352        -397         107        -334         158
          45         251          71         345         380         160
         309        -309         290        -199          16         372
         346          24         331         199         -36          77
        -114         104        -282         -28        -307        -299
        -112         244           2         -35         193        -319
         330         152         155         213        -238        -231
         119        -212        -364        -362        -277         -87
        -144         192        -317        -276         -61        -119
          10         206         388         282         128         153
         185          75          30         121        -248        -355
         -33         248         -98         324         379        -331
        -181         302         356         236         349         215
         365         371         304         259         299         -25
          65         313         -64         270         -39         308
         -10        -301        -286         315         249          56
        -310          22        -295        -374        -342        -347
         165         252        -242         -84        -258         358
          29        -129         374        -167          26          43
         -55        -244        -389        -254        -136         392
         234         113         237         222          96         209
        -193         -42        -357         109        -124         -73
         -59         294        -209        -223         116        -133
         219         117         341         319        -241        -156
        -150          78         154         301          -7        -141
         -31        -132          92         -50         300        -296
          41         291        -198         -26        -320         179
        -234        -284         -65        -121        -152         101
         323         375        -175        -371          15         208
        -274        -110          68          81         169         395
        -139         377         -90          58         197        -201
         221        -206         310        -215         150        -273
        -293         350         -24        -138         -27        -180
         322        -208          36         -53          63         287
        -271           8        -330         338          39         342
          53        -257        -218        -353        -165         218
        -265         275          54         -74        -297         288
        -116         203         264         268           0         389
         278         124        -109         129          13        -189
        -305         257        -128         184        -283         370
        -384         312         347         157         190        -178
        -337          66         125         337          89          91
         205        -348         -57         328         -88         194
         314         -60         115        -158        -169         250
          28         279         -85         335        -190        -327
         -80         354        -369         163        -367         111
        -275         245         164        -398         303          52
          32         386         171         -71         166         238
         340        -250           9        -312        -149         266
         286        -184         -92        -366        -245         108
        -253         -45        -126         240        -229         276
        -130        -315         177         253          59         186
        -400         138         214         262        -340          70
        -316        -172         -30        -392        -263        -308
         381         295          50        -314         329        -176
        -157         227        -381        -256         -12         332
         -67         -82         359         -81          90        -379
         146        -259
