    0.458479   -0.571320    0.303265   -0.072698   -0.837658   -0.291579
    0.149651    0.035692    0.870265   -0.316386   -0.724189   -0.226961
   -0.027429   -0.073276   -0.559333   -0.872570    0.674428    0.944082
    0.950778   -0.585366   -0.074357    0.601047    0.661301    0.819966
    0.939050   -0.294684    0.735071    0.084547    0.562428   -0.771792
   -0.006192   -0.583776    0.330431   -0.377313   -0.209062    0.860252
    0.989682    0.792088   -0.294061    0.200066   -0.581987   -0.018743
    0.922727    0.183361    0.556725   -0.991923   -0.096850   -0.365276
    0.527000    0.933993   -0.376918    0.437291    0.101751    0.602960
   -0.365980   -0.568189    0.151190    0.128842   -0.739288   -0.253910
   -0.224518    0.024826   -0.106263    0.306909   -0.706548   -0.291850
    0.523414    0.760071    0.897428   -0.300206   -0.222835   -0.459088
   -0.099523    0.082490   -0.029509    0.811688   -0.419238    0.478667
   -0.631098    0.082614    0.290342    0.895017    0.945898   -0.119464
    0.051722    0.919919   -0.536772   -0.013370   -0.102264   -0.110247
    0.085300   -0.712338    0.308149    0.007069    0.732394    0.966330
    0.564453   -0.462243    0.547079    0.671725
