    0.628327    0.250141    0.479457   -0.119460    0.319619   -0.640033
    0.349378    0.928937    0.457917    0.250437    0.371782    0.684795
    0.568425    0.267647   -0.377522    0.925662    0.914222   -0.811442
   -0.852835   -0.783804   -0.152533    0.242883    0.652191   -0.349611
   -0.953324    0.269464   -0.058742    0.343866    0.412242    0.273852
   -0.489818   -0.015551   -0.374537    0.838111   -0.141042   -0.550951
    0.888352    0.329384    0.715133   -0.555835   -0.505638    0.514960
    0.853690    0.113212    0.414190    0.834711   -0.637261    0.025213
    0.155797    0.422105   -0.131088    0.444050    0.630942    0.741131
    0.234625   -0.413980    0.097149    0.161996   -0.540106    0.045027
   -0.343754   -0.331247   -0.109086   -0.923274    0.108385   -0.233678
    0.956255    0.545090   -0.414115    0.249816    0.016507   -0.749744
   -0.911379   -0.070347    0.168075    0.453313   -0.706050    0.200448
   -0.542690   -0.341727    0.122121   -0.960414    0.163622   -0.573956
   -0.955343   -0.732854    0.599627   -0.252028    0.073245    0.171130
    0.601862   -0.951679    0.245764    0.061741   -0.282934    0.558283
    0.564665   -0.907201    0.818935    0.054054   -0.389260    0.517764
    0.733338   -0.431759   -0.761280   -0.924456    0.989507   -0.249327
    0.908643   -0.515986    0.937255    0.785235    0.101199   -0.894285
    0.334341   -0.974091    0.800794   -0.486522   -0.711622   -0.739156
   -0.333711   -0.987083   -0.271263   -0.166495   -0.611792    0.109445
   -0.898883    0.057079    0.016325    0.841248    0.587263   -0.857749
    0.339793   -0.463633   -0.133588   -0.019399   -0.915048    0.641904
    0.669806   -0.195549   -0.734068   -0.452510    0.843271    0.775712
    0.173539   -0.714925   -0.422254   -0.719066   -0.044674   -0.713523
   -0.486305   -0.841200   -0.836042    0.660301    0.943555    0.309848
   -0.913935   -0.504318    0.873005   -0.405255   -0.574104   -0.780030
   -0.637714    0.888175   -0.801013   -0.128828    0.079902   -0.381161
   -0.701463    0.855943    0.294934    0.313973    0.097943    0.268826
   -0.653348    0.124288    0.287232   -0.482222   -0.132455    0.653142
    0.708289    0.475599    0.584546   -0.757694    0.981933   -0.741738
    0.854838    0.490639   -0.082474    0.318090   -0.000536    0.473364
   -0.698240    0.078977    0.580125   -0.324675   -0.251505    0.926895
    0.788032    0.536531   -0.009081    0.136553   -0.948118    0.034940
   -0.379752    0.658143    0.340287    0.096167    0.558408    0.087666
   -0.297028    0.967999   -0.918615    0.985192    0.535329    0.944923
    0.151733   -0.134374   -0.314839    0.888521    0.526017    0.329772
   -0.438691   -0.501860    0.888883   -0.648983   -0.776360    0.739465
    0.521534   -0.447778    0.691528    0.353048    0.958101   -0.963909
    0.933271    0.208829   -0.234593    0.071497   -0.139451   -0.186156
    0.562440   -0.901092   -0.417592    0.804005    0.253085    0.235946
    0.604017    0.252190   -0.125109    0.969305    0.804511   -0.777831
   -0.427343    0.560603   -0.615721    0.404499    0.790390   -0.884164
   -0.910028    0.239431   -0.312780   -0.753016    0.701946   -0.995837
    0.485297   -0.182732    0.669344   -0.204022   -0.022907    0.958731
   -0.432863   -0.442553   -0.794707   -0.713772    0.597858    0.063871
    0.498937   -0.962360    0.728744    0.070697   -0.481875   -0.832949
   -0.397934   -0.040112    0.419223    0.590246    0.964826   -0.629246
    0.521841    0.140701   -0.879238    0.673242    0.366601    0.984464
    0.784610    0.042315   -0.407903    0.287585   -0.245445   -0.042647
   -0.431408   -0.248995    0.260394    0.208516    0.427456    0.542010
    0.342300    0.356933   -0.037769    0.139720    0.776643    0.371735
   -0.919585    0.786334   -0.043355    0.739431   -0.515936    0.109561
    0.840553   -0.064192    0.433210    0.266683    0.991135    0.166958
    0.767771    0.434541    0.897086    0.295491   -0.178768   -0.139942
   -0.086436    0.888797   -0.822553   -0.877397    0.580795    0.253980
    0.145660    0.717979   -0.198230   -0.937337    0.738280   -0.125348
   -0.055382   -0.569039   -0.831883   -0.214084    0.527008    0.286760
   -0.862474    0.415437    0.919808   -0.165596    0.224318   -0.205333
   -0.674576    0.689829    0.411626    0.093293   -0.718386    0.678941
   -0.785751   -0.354001    0.096315    0.593010   -0.619870   -0.235502
   -0.577864    0.135628    0.341327    0.164146    0.945339    0.274207
    0.833982    0.596442    0.801003    0.271343    0.117821   -0.705800
   -0.455833   -0.350050    0.568759    0.511508    0.445238   -0.897270
   -0.053505    0.796480    0.424976   -0.221090   -0.589717    0.722861
    0.155394   -0.083710   -0.523102   -0.111317    0.464081   -0.176099
    0.562361   -0.654511    0.778689    0.577007    0.658855    0.506747
   -0.416560    0.858516    0.786334   -0.224929    0.785963    0.905795
   -0.360069    0.539167   -0.665149   -0.542575    0.080564   -0.442273
   -0.900033   -0.205475    0.348022   -0.139237   -0.599135   -0.279021
    0.075128    0.130893    0.261519    0.818934    0.042942   -0.047540
    0.491095   -0.402609   -0.453856    0.457580   -0.888566   -0.689293
    0.841761    0.642730   -0.773053   -0.598459    0.818547   -0.247864
   -0.787544   -0.913372    0.601041   -0.669346   -0.845077   -0.747355
    0.649965   -0.094507   -0.320045   -0.193817   -0.606741    0.815760
   -0.414244    0.553393   -0.228598   -0.896492   -0.141729   -0.730307
    0.714273   -0.050225    0.784028   -0.709172    0.784830   -0.786008
   -0.959186   -0.271118    0.635506    0.101963    0.822455   -0.739296
   -0.205185    0.547359   -0.308673   -0.471193   -0.243294   -0.744904
    0.290536   -0.250655    0.439987   -0.145057    0.009004   -0.816516
   -0.005229    0.582153   -0.360386    0.117620    0.943239   -0.195518
    0.141568    0.651624    0.382898   -0.701724    0.509980   -0.187311
    0.291887   -0.916949    0.928818   -0.429384    0.572002   -0.538534
    0.047650   -0.696728   -0.623371   -0.868273    0.864681   -0.217959
    0.864710   -0.304852   -0.273364    0.404146    0.984406    0.409435
    0.702364    0.010748    0.665241    0.403576    0.938984    0.465875
    0.934669   -0.135531   -0.115774    0.683604    0.798810    0.723601
   -0.802639   -0.894452   -0.978917    0.656421    0.230249   -0.619903
   -0.184878    0.542145   -0.534568   -0.939282    0.149568   -0.488836
    0.483467    0.694830   -0.055129   -0.606146   -0.023532   -0.423244
   -0.937462    0.553487    0.345342   -0.320993    0.453791   -0.018860
   -0.726415    0.739261   -0.735783    0.397271    0.039726    0.741768
   -0.746167    0.677864   -0.759523   -0.938637    0.851837   -0.839049
    0.101135    0.865118    0.109794    0.263331   -0.625557   -0.272200
   -0.324545    0.291122   -0.144773   -0.874128   -0.931748    0.138118
   -0.877959    0.621953    0.738299    0.073233    0.811233   -0.345992
    0.952136   -0.879667    0.045407    0.620265    0.549132    0.367541
    0.075692   -0.023748   -0.245986   -0.135311    0.066143    0.248960
   -0.535602   -0.440807   -0.916564    0.532689   -0.474603    0.200387
    0.548618   -0.383096    0.099719    0.068809    0.332059    0.010670
   -0.254483    0.431523   -0.949605   -0.253063    0.983886   -0.724458
    0.231716    0.452831   -0.611909   -0.831228   -0.375925   -0.565825
   -0.146357   -0.214845    0.665318    0.294497    0.516735    0.299993
    0.405190   -0.743584    0.531574   -0.820771    0.320598    0.368397
    0.868567    0.263197    0.118253   -0.469376    0.567987    0.201905
    0.170130   -0.327380   -0.165221   -0.829033    0.235507    0.779768
    0.068501   -0.328899    0.137742   -0.939947    0.110987    0.484591
   -0.585993    0.198060   -0.743359    0.402807    0.320549    0.000084
   -0.194373    0.389752    0.220092   -0.625249   -0.343314    0.369831
    0.558232   -0.934958    0.155067   -0.900668    0.620506   -0.936432
   -0.259611   -0.640615   -0.793857   -0.236922    0.778452    0.168769
   -0.132092    0.081573    0.655177   -0.301033    0.761316   -0.091060
    0.332113    0.052279   -0.206600    0.864467    0.173357   -0.690388
    0.529248    0.153859   -0.000271    0.137581    0.515777    0.735746
    0.556027    0.114909   -0.761358    0.958342   -0.889971   -0.020688
   -0.521081   -0.022095    0.837323    0.822566   -0.131168    0.041675
    0.704510   -0.544953   -0.754793   -0.758037   -0.009065    0.345667
   -0.896177    0.844531   -0.178578    0.258961   -0.068257   -0.917193
   -0.428922   -0.498116   -0.433276    0.620767   -0.348636   -0.909708
    0.127952   -0.217312   -0.670986   -0.177244   -0.142407    0.569747
   -0.365371    0.365598    0.810465    0.395605   -0.661205    0.087064
   -0.758437   -0.899288   -0.535736   -0.413102   -0.377961   -0.959680
    0.238318    0.311629    0.917218   -0.900979    0.173220   -0.489750
    0.393814    0.752788    0.878219   -0.564561   -0.873001   -0.063312
    0.558549   -0.182669    0.313867    0.499529    0.320037   -0.728633
   -0.552586    0.731899    0.635384   -0.225315   -0.656712   -0.073566
    0.660372   -0.169788   -0.933538   -0.824154    0.939393   -0.019119
    0.956458   -0.663770    0.992920    0.464221   -0.218101   -0.979666
   -0.819831    0.196002   -0.166687    0.160820    0.776200   -0.843721
   -0.129881   -0.452171   -0.039985   -0.327801    0.954533   -0.780203
   -0.754614   -0.811818    0.445631   -0.787144    0.434238    0.759442
    0.163746    0.399275   -0.863974   -0.098852   -0.640202   -0.092628
   -0.570468   -0.253761    0.371962   -0.127245    0.354749   -0.462278
    0.194103    0.198166   -0.904711   -0.383112    0.085188   -0.482927
    0.302220    0.735097   -0.481763    0.319377    0.667425    0.701493
   -0.857725    0.598988    0.702851   -0.749424    0.155272    0.917834
   -0.006634    0.306171    0.829725   -0.782345   -0.138077    0.269884
   -0.264064    0.284325   -0.770389    0.236526   -0.719178   -0.190617
    0.051687   -0.452944   -0.345381   -0.351769    0.185737   -0.528235
   -0.041893   -0.837783   -0.133164    0.763266   -0.348250    0.190876
    0.596389    0.727184   -0.875208   -0.546900   -0.612482   -0.702437
   -0.621943    0.354602   -0.594659    0.104554    0.879625    0.916787
    0.032027    0.910976   -0.042808    0.030221   -0.636829   -0.562982
   -0.279165    0.342050   -0.106999    0.695298   -0.056516    0.716053
    0.029322    0.387028    0.712931   -0.874446   -0.290721   -0.283701
   -0.343877    0.051154    0.343899    0.848458    0.474382   -0.647180
    0.342508   -0.291434   -0.314494   -0.933449    0.343343   -0.086920
   -0.550012    0.653917    0.384165    0.552639    0.286848   -0.902785
    0.013145    0.453571   -0.389530    0.094087   -0.088397   -0.779627
    0.920025   -0.698611    0.975026    0.093253    0.972007    0.125242
    0.097002   -0.106048   -0.106498    0.926373    0.844399   -0.880634
    0.157656   -0.857722   -0.337044    0.040678    0.039448   -0.837833
   -0.033264    0.488568    0.473788    0.639614   -0.056552   -0.889087
    0.020354   -0.929415    0.095474   -0.593755   -0.514708    0.677364
    0.044868   -0.348301    0.741019   -0.743450    0.161512    0.036575
   -0.232663    0.320877    0.128377    0.590214   -0.338184   -0.387029
   -0.833976   -0.691949    0.054189    0.273803    0.148364    0.389419
   -0.197348   -0.978929   -0.484482    0.884187   -0.398949   -0.545929
    0.404752    0.084579    0.097978   -0.547401   -0.435812    0.262780
    0.177117    0.518256    0.026683    0.123943    0.538935    0.057305
    0.388132    0.543692   -0.370203   -0.198852    0.638263   -0.175675
    0.463637   -0.762104   -0.111037    0.862300   -0.217054    0.547547
   -0.279821   -0.872614    0.127500   -0.146535   -0.688153    0.289281
    0.915660   -0.671884    0.517070   -0.620577   -0.323361    0.364093
    0.663882   -0.079465   -0.894702   -0.649174    0.913161   -0.423852
    0.829252    0.299553    0.448636   -0.439440    0.151428    0.277131
   -0.365198   -0.405563    0.177804   -0.241598    0.802477   -0.508466
    0.232767   -0.640180   -0.242986    0.115205    0.267209    0.411279
    0.311445   -0.550190    0.480751   -0.476122   -0.081118   -0.679420
    0.854303   -0.911117    0.974279   -0.227507    0.539048    0.671539
   -0.479168   -0.647275    0.350154    0.188794    0.482473   -0.456561
    0.033002   -0.276298    0.129562   -0.226103    0.062739   -0.431785
   -0.868130    0.066052   -0.337836   -0.555697   -0.905889    0.155855
    0.893694    0.249371   -0.060665   -0.543330   -0.371454    0.345775
   -0.124437    0.353620    0.445626   -0.765694    0.925484    0.444614
   -0.275407   -0.907717    0.080729    0.580172   -0.621604   -0.882014
    0.485191   -0.972193   -0.442084   -0.836422    0.106385   -0.600804
   -0.983936    0.695828   -0.325054   -0.473178   -0.236072   -0.441070
   -0.130804   -0.751259    0.173568   -0.074709   -0.451867   -0.706789
   -0.491339    0.068796    0.457150    0.502989    0.219714   -0.489660
    0.072869    0.719404    0.173986   -0.727704    0.021074   -0.000919
    0.890564   -0.939994    0.929955    0.470388    0.306651    0.191680
   -0.484052    0.851809    0.050503    0.662597    0.599438   -0.492756
   -0.886133   -0.590392    0.637334    0.477395   -0.154870    0.864538
   -0.792340   -0.524214    0.253846    0.578529   -0.362129   -0.867767
   -0.727852    0.480589   -0.245807   -0.518295   -0.655216    0.973809
   -0.951279    0.882284    0.512220   -0.666039   -0.498301   -0.714537
    0.561848   -0.522618    0.172689    0.354065    0.356691   -0.509793
   -0.878358    0.641202    0.388767    0.614269    0.779480    0.580850
    0.367272    0.943709    0.133040   -0.059539   -0.805396    0.173553
    0.592693    0.758142   -0.947285   -0.073145    0.611310    0.895046
   -0.333181   -0.970408   -0.947656    0.351364    0.765978    0.779398
   -0.719629   -0.764563    0.212352    0.890111    0.910326   -0.472433
   -0.636122    0.167628    0.126000    0.660504   -0.159651   -0.960838
    0.618787   -0.319599    0.993922    0.197853   -0.484927    0.315392
    0.992572   -0.625065   -0.317848    0.930487   -0.978193    0.733697
    0.643958    0.964989    0.796405    0.493377   -0.703095   -0.952033
    0.387733   -0.531600   -0.168630    0.943868   -0.887220   -0.015804
    0.766624    0.679851    0.523525   -0.234674   -0.538902   -0.804023
    0.891846   -0.741954   -0.326817    0.059700    0.613592    0.198909
    0.479129   -0.451465   -0.175875    0.134241    0.579217   -0.611398
    0.491674   -0.362562   -0.386775    0.879852   -0.830635   -0.523814
   -0.259341   -0.474261   -0.566789   -0.221327    0.104112    0.818397
    0.106871   -0.700297    0.236304   -0.107639    0.340940   -0.946991
   -0.566716    0.266999   -0.568498   -0.470512    0.884967   -0.984669
   -0.473151    0.089067   -0.997615    0.935139    0.729493   -0.568083
    0.583015    0.965306   -0.115236    0.712967    0.764806   -0.099054
    0.831610   -0.570886    0.145722   -0.694184    0.960538    0.934136
    0.307022   -0.706991    0.798652   -0.383347   -0.948139   -0.343760
   -0.087928    0.255101    0.647620    0.802383   -0.099073   -0.108338
    0.933979   -0.002426   -0.924169    0.033969   -0.922356   -0.998134
   -0.681364   -0.362683   -0.894051    0.203991   -0.220722    0.772557
    0.432996   -0.848706   -0.421689    0.988727    0.263914   -0.144716
    0.920847    0.688454   -0.852894    0.906328    0.737071   -0.433708
    0.433541    0.564271    0.497584    0.489480   -0.692648   -0.668631
    0.065193   -0.165501   -0.578834   -0.077484   -0.015448   -0.627077
    0.074118   -0.933005    0.647222   -0.816924    0.694481   -0.349042
   -0.263527    0.578901    0.202085    0.131017   -0.584291   -0.381096
    0.396492    0.846630    0.906282    0.561196    0.546074    0.741734
   -0.098026    0.044503    0.812310    0.335019   -0.156190   -0.268925
   -0.047927   -0.278955    0.504153   -0.029834   -0.167926    0.049220
   -0.564530    0.509855   -0.010368    0.317369    0.080351   -0.378981
    0.280055    0.779848    0.227913   -0.636822    0.947167   -0.443481
   -0.220532   -0.105667    0.642958    0.622593    0.416674   -0.159850
    0.727870    0.733116   -0.618434    0.181685   -0.240090   -0.122805
    0.690427   -0.234934   -0.958559    0.447699    0.165235   -0.961657
    0.090741    0.695379    0.310386   -0.445071   -0.566284    0.682996
    0.106054   -0.617658    0.658482    0.087895    0.585470   -0.696830
   -0.576309   -0.692154    0.185322    0.311082    0.764875    0.077820
   -0.007137    0.668602   -0.541647    0.278974    0.544880   -0.380054
    0.548072    0.805572    0.788551    0.070422    0.733615    0.944709
    0.641987    0.843765   -0.262560    0.550526   -0.336486    0.020562
    0.393343    0.906764   -0.191941    0.267111   -0.245755   -0.027712
    0.189163    0.631158   -0.303691   -0.749265    0.939789    0.531475
    0.475089    0.523555   -0.718913    0.684502    0.723028    0.573802
   -0.843152   -0.824474    0.768465   -0.493998   -0.048704   -0.254589
   -0.697120   -0.194545   -0.962625    0.685879   -0.281727   -0.580661
   -0.362081    0.620098    0.392013    0.719761    0.167291    0.100952
    0.027089   -0.613142   -0.336069    0.778849   -0.842818   -0.689778
    0.007501    0.934757    0.830697    0.025775    0.574590   -0.234120
    0.079185    0.760117   -0.554868   -0.585017    0.586581    0.545630
    0.678091    0.107980    0.001582   -0.516764    0.634426    0.786685
    0.515752    0.402205   -0.072989    0.944285    0.990198    0.573445
   -0.265553    0.087038    0.294294   -0.859472    0.923967    0.624450
    0.466926   -0.635265   -0.698031   -0.717107   -0.863103   -0.925657
   -0.098774   -0.786798   -0.484194   -0.309419    0.168980   -0.712545
   -0.292498    0.787162    0.488764   -0.274370   -0.484057    0.971060
   -0.091947    0.686127    0.844924    0.478070    0.463848    0.230452
   -0.506603   -0.053753   -0.983803   -0.461797    0.377867    0.767519
    0.315594   -0.628003    0.426580   -0.181774   -0.909763   -0.127891
   -0.397040   -0.364490   -0.632530    0.074603    0.581389   -0.742114
    0.063330    0.569066   -0.821922   -0.843119    0.310563   -0.680510
    0.903296    0.255299    0.146388    0.005140    0.858456   -0.868502
   -0.769488   -0.034715   -0.776004   -0.251010   -0.863186    0.558687
    0.419773    0.150848   -0.689575    0.729111    0.399977    0.913710
   -0.718319   -0.793102    0.116807    0.749159    0.782314   -0.789800
    0.838351   -0.516404   -0.158858   -0.129710    0.445967    0.313641
    0.128692   -0.780955    0.217548   -0.878352    0.955752    0.825050
   -0.240507   -0.035331   -0.118896    0.466042    0.805673    0.093364
   -0.627890   -0.387279   -0.746936    0.708464    0.846652    0.257587
    0.000270    0.941776   -0.871313    0.131214   -0.197904    0.429549
   -0.577258   -0.641912    0.774951    0.525368    0.772573    0.679952
    0.065368    0.495129    0.768283    0.816401   -0.279942    0.277819
    0.471445   -0.180071   -0.726735   -0.181046    0.144842    0.733540
   -0.699335    0.002606    0.170703    0.442064   -0.153305   -0.559377
    0.562810   -0.145326    0.907633   -0.223077    0.808104   -0.962051
   -0.965525    0.694679   -0.100465    0.083996
