    0.355559   -0.039827    0.747419    0.078903   -0.689306    0.291574
    0.506529   -0.584104    0.613702    0.419438    0.277981   -0.722853
    0.296737   -0.081568    0.438047   -0.606985    0.840076   -0.404762
    0.535116    0.187960    0.752031   -0.838118    0.161898   -0.201046
   -0.359906   -0.005930   -0.695256    0.700082   -0.742983    0.950126
    0.269866   -0.192712    0.962223    0.042692    0.425993   -0.227484
   -0.570905    0.386024   -0.034316   -0.668401    0.932528    0.021118
   -0.652973    0.170457   -0.874964   -0.845342    0.365790    0.025379
   -0.435653    0.871876   -0.868132    0.161816    0.689243   -0.985340
    0.418942   -0.673211   -0.936724    0.363325   -0.741841    0.177471
   -0.139520    0.830296   -0.514362   -0.887046   -0.242485   -0.752448
    0.650197   -0.321528    0.865592   -0.631730   -0.308783    0.433119
    0.366372   -0.726550    0.763295   -0.031327   -0.696955   -0.691933
   -0.013095    0.493553   -0.907030    0.549776    0.744127   -0.062601
   -0.221985    0.507966    0.397835    0.985203   -0.612665   -0.046997
   -0.978649    0.705409    0.074867    0.786697    0.159933   -0.302846
    0.997286   -0.684346    0.366878   -0.674327   -0.929608    0.576678
    0.527936    0.989541   -0.875129    0.328845   -0.762094    0.304857
    0.640818    0.112511   -0.974357   -0.723780    0.168169   -0.801339
   -0.712744   -0.911814    0.997871    0.912343   -0.099116    0.725052
   -0.657988    0.011243   -0.155069   -0.990525    0.677016   -0.586340
   -0.702265   -0.784807    0.621012   -0.787843   -0.306544   -0.978496
    0.199176    0.738492   -0.491213   -0.596158    0.696856    0.956174
    0.769344    0.640696    0.249912   -0.582777   -0.303881    0.000652
    0.109837   -0.197542   -0.215634    0.895220    0.278719    0.627982
   -0.311836    0.880587    0.613955    0.187979    0.632647   -0.868748
   -0.668153    0.504868   -0.507726    0.587916   -0.164647   -0.020468
   -0.490463   -0.440361    0.704951    0.954785    0.769442    0.625225
    0.669839    0.645731   -0.065594   -0.507957    0.215359    0.187394
    0.318242    0.452594    0.704856    0.423884   -0.702913    0.235651
   -0.055558    0.054637    0.353160   -0.685601    0.622897   -0.415285
   -0.405443   -0.615303    0.108379   -0.547228   -0.789414   -0.477820
    0.350939   -0.823397   -0.594586    0.165707   -0.220671    0.000801
   -0.646465   -0.302845    0.589750    0.046257   -0.555877   -0.952772
    0.861243   -0.945151    0.863296    0.094195   -0.863844   -0.385131
   -0.022829    0.976186    0.563357   -0.122280    0.150239   -0.298507
   -0.890249   -0.151966   -0.986255   -0.395713   -0.849342   -0.412919
    0.052998    0.927751    0.838205    0.957620    0.006568    0.843120
   -0.821723   -0.382513    0.762335   -0.079216   -0.044061   -0.014764
   -0.383100   -0.537615    0.098901    0.296327   -0.270337    0.337518
   -0.591709   -0.046608   -0.604419   -0.035182   -0.662247    0.609954
    0.519256   -0.323866   -0.478374    0.530246   -0.226029    0.091987
   -0.329370    0.918755   -0.829222    0.489101   -0.408382   -0.432061
    0.850078    0.926272    0.071934   -0.084605   -0.676253   -0.614576
    0.953220   -0.755677   -0.408435   -0.541840    0.857068   -0.981700
   -0.032212    0.743537    0.438617   -0.805390    0.431894   -0.510478
   -0.800694   -0.523433    0.466627   -0.300571    0.294466    0.091003
   -0.383931    0.021747   -0.406230    0.250792    0.481084   -0.492675
    0.717730    0.778008    0.462437   -0.945551   -0.651183    0.799341
   -0.136486   -0.446202    0.707373    0.990897   -0.702780   -0.451909
   -0.402599   -0.208845   -0.972421    0.075878    0.280020   -0.930626
    0.277667   -0.895426    0.039405   -0.888204   -0.160157    0.284449
   -0.993714    0.556953    0.010599    0.019276    0.949046   -0.267833
    0.081125   -0.963266    0.428888   -0.807242   -0.709098    0.514442
   -0.774388   -0.923610   -0.875463   -0.222735   -0.777021    0.401461
   -0.609042    0.850290    0.439233   -0.408633   -0.951604    0.903238
   -0.310645   -0.929924   -0.631465   -0.814208    0.802302   -0.937915
   -0.014206   -0.708158    0.530799   -0.962314    0.836474    0.807653
    0.970625   -0.585641   -0.462960   -0.194960   -0.135549    0.766464
    0.214314   -0.602402    0.499209   -0.066561    0.220457    0.758520
    0.418068   -0.149015    0.104585    0.674456    0.278560    0.043816
    0.777060    0.532959    0.429340    0.992407    0.855679    0.776227
   -0.540966    0.248913    0.828121   -0.779517   -0.250465   -0.604774
    0.174594    0.928112    0.764464    0.808704   -0.792576    0.569174
   -0.699850    0.329180    0.045605   -0.624470   -0.556526    0.366354
   -0.081361   -0.631652   -0.946358    0.513722    0.685352    0.786053
   -0.512310    0.546568   -0.356894    0.263807   -0.092855   -0.316874
    0.831059   -0.526318    0.992841    0.257226   -0.838304    0.498097
   -0.279171   -0.843598    0.267944   -0.764060    0.396570    0.912767
    0.058839    0.475825    0.795851    0.240171   -0.086040   -0.085599
   -0.644896   -0.072867    0.996917    0.592586   -0.736072   -0.785937
   -0.212281    0.251238    0.959992    0.618695   -0.095005    0.108442
   -0.409987   -0.799798   -0.377006    0.021322    0.956038    0.088077
    0.024696   -0.438292    0.239879   -0.982549   -0.662330    0.855612
    0.501147    0.135360    0.982391    0.210277    0.272384    0.465582
   -0.191516    0.999094   -0.943431   -0.963957    0.952967   -0.319202
   -0.816496    0.298809    0.423659    0.387672    0.329885    0.843081
    0.802979   -0.105946   -0.336027    0.783975    0.844219   -0.113470
   -0.365350    0.805840   -0.679696    0.110478    0.076280   -0.400294
   -0.048695   -0.194168   -0.464148    0.338216   -0.285090   -0.556635
    0.525863   -0.537004   -0.912430    0.513440    0.947601    0.670194
   -0.845049    0.540798   -0.539482    0.140376    0.682081   -0.432399
   -0.736659    0.642108   -0.486924    0.068759   -0.423941    0.001360
   -0.913535    0.146202    0.995147    0.633781    0.266851   -0.995991
   -0.625582   -0.620844    0.118108   -0.797784    0.888278    0.652903
    0.726716   -0.812807    0.964855   -0.614209    0.233695   -0.072329
   -0.846355    0.937465    0.409081   -0.148582   -0.247163   -0.048438
   -0.878925   -0.175898    0.445299    0.584692   -0.421615    0.008828
   -0.734870    0.332754    0.774756    0.097309   -0.132757    0.981493
    0.811213   -0.943877   -0.079805    0.475469    0.140792   -0.114103
    0.580230    0.328952    0.856679    0.230303   -0.470864   -0.096781
    0.180036   -0.409408    0.693411    0.703455   -0.434362    0.329457
   -0.165619    0.743640    0.698629   -0.651851    0.524529    0.997487
   -0.879237    0.694796    0.768377    0.894069   -0.181275    0.242472
    0.794350   -0.662611    0.113560    0.410343   -0.425076    0.303966
   -0.936932    0.608456    0.192211    0.026607    0.736044   -0.580919
    0.962773   -0.773196   -0.063176   -0.540192   -0.876994    0.194527
    0.020149   -0.624788   -0.999438   -0.184189    0.490599   -0.889710
    0.444511    0.980277   -0.249042   -0.852857   -0.138252    0.271390
    0.569150    0.242524   -0.195164    0.242250   -0.716496   -0.497247
   -0.873126   -0.558432    0.072063    0.353636   -0.682546   -0.721159
    0.327581    0.022428   -0.919720    0.029910    0.456903   -0.648471
   -0.017632   -0.459125   -0.593231   -0.157016   -0.294075    0.143309
   -0.765125    0.863303    0.725181    0.523647   -0.242545   -0.518651
   -0.510858   -0.101715    0.363836   -0.166093   -0.514999   -0.414774
   -0.794165    0.604418    0.645320   -0.988058   -0.886215    0.731018
   -0.157222    0.130700    0.760632    0.670536   -0.909094   -0.947980
    0.158946   -0.880076   -0.114031    0.808343   -0.755818   -0.388804
    0.891526    0.210199   -0.705591    0.605527   -0.266713   -0.923018
    0.742618   -0.122959    0.489907    0.357291    0.530696   -0.875237
    0.842548   -0.630669    0.892795   -0.388236    0.918749   -0.750908
    0.001254    0.715668   -0.624187    0.981694   -0.631557    0.751305
    0.996729    0.575804    0.943635   -0.750813    0.576154    0.390014
   -0.728456   -0.557510    0.697140    0.683467    0.725329    0.076817
   -0.824044   -0.074828    0.648292    0.781155    0.735647    0.271733
    0.017438    0.095254   -0.128938   -0.470712   -0.029356   -0.201923
    0.303675    0.236761    0.844344   -0.806880    0.995061    0.359143
    0.490479   -0.193626   -0.080129   -0.986785    0.383940   -0.575647
    0.301453    0.197672    0.830978   -0.494945    0.586277   -0.390462
   -0.393388   -0.850423   -0.820124    0.185777   -0.727695   -0.632234
   -0.387857   -0.326177    0.156704    0.123722    0.939999   -0.112250
    0.028444    0.299593   -0.534259   -0.725360   -0.674541   -0.667749
    0.277510   -0.787365   -0.628261    0.565597    0.123534   -0.280539
   -0.546600    0.118072    0.402973    0.787231    0.129422   -0.123195
   -0.619149    0.682889    0.567188    0.887574    0.591775    0.044641
   -0.082757   -0.921901    0.490040    0.285667    0.932991   -0.217479
   -0.968637   -0.543978   -0.072665   -0.801417   -0.287123   -0.951940
    0.486221    0.872835   -0.853525   -0.760816   -0.869122   -0.557583
   -0.045697   -0.925205    0.126921    0.549942    0.780248   -0.180139
   -0.255742   -0.564459    0.639173   -0.721825    0.759684   -0.529301
   -0.258499    0.178193   -0.697883    0.682525   -0.862112    0.611913
   -0.423404   -0.629504   -0.819057    0.957895   -0.627498    0.065088
    0.592963    0.407278    0.806639   -0.086838    0.261159    0.478521
   -0.803798    0.762191   -0.204406    0.169596    0.537121    0.185231
   -0.280910   -0.146376    0.912005   -0.458942   -0.382466    0.767432
    0.476919   -0.280121   -0.889101    0.968167    0.807698    0.355164
   -0.738785   -0.008955   -0.328364    0.259160   -0.895316   -0.414966
   -0.653963   -0.982192   -0.033697    0.098792    0.555519   -0.846324
   -0.889495   -0.072717    0.528056   -0.088970    0.450249    0.229999
    0.826874   -0.480659   -0.739253    0.133868    0.119667   -0.851526
    0.854411    0.599900    0.553536    0.892761   -0.764546   -0.536207
   -0.826096   -0.325314    0.700441    0.576444    0.264503   -0.066052
    0.932506    0.544646    0.980546    0.019394   -0.319202    0.777437
   -0.260629    0.134697   -0.150914   -0.614805   -0.184153   -0.478414
   -0.486218   -0.440269   -0.519758    0.104191    0.342471   -0.176526
   -0.594342    0.765668   -0.221795   -0.942375    0.812990    0.436313
    0.796973    0.425952   -0.755069   -0.265752    0.877220   -0.211824
    0.889560   -0.440951   -0.884484    0.958129   -0.966079    0.050541
    0.903991    0.820071   -0.090746    0.799227    0.231714    0.121454
   -0.852395   -0.286406    0.556369    0.910347   -0.606736   -0.804076
   -0.562148    0.669069    0.181444    0.452178    0.945269   -0.904572
    0.767301   -0.721560   -0.130301   -0.532878   -0.255239    0.514753
   -0.221965    0.090681   -0.082402   -0.658597    0.317582    0.949146
   -0.053985   -0.806841    0.878409   -0.920538    0.522572    0.032859
   -0.952692    0.921907   -0.374977    0.475054    0.156326    0.580954
   -0.913903   -0.654952   -0.683202   -0.076418   -0.680127    0.408735
    0.221850   -0.389989   -0.849240   -0.113937    0.390613   -0.041703
    0.468692    0.501851    0.854213    0.355417    0.668162    0.329954
   -0.539038   -0.308605    0.797656   -0.027430   -0.625691   -0.833343
   -0.337586   -0.957397   -0.920180   -0.620266   -0.593484    0.936021
   -0.728291   -0.483689   -0.027272    0.533586   -0.002273   -0.791234
   -0.202428   -0.872293    0.521723    0.341425   -0.666217   -0.576778
    0.690820    0.310586    0.893583    0.080362   -0.200001    0.935852
    0.160999   -0.649210    0.133075    0.651467    0.953164   -0.339855
    0.570321   -0.582408   -0.228676    0.596104   -0.255297    0.922832
   -0.321186    0.910458    0.426657    0.063752    0.957577    0.875077
   -0.904469    0.736889    0.204839   -0.206147   -0.436490    0.364563
    0.077139    0.692186   -0.860114    0.324523   -0.861140    0.447826
    0.662969    0.773468   -0.330893   -0.386460   -0.399927    0.740944
    0.537316   -0.205832    0.509878   -0.369396    0.774903    0.914079
    0.599352   -0.819539    0.785745    0.922764    0.708107   -0.545742
    0.844019    0.405736    0.266774   -0.532589    0.557679   -0.730541
   -0.827213    0.910514    0.064416   -0.791346    0.836444    0.849791
    0.752438   -0.787844    0.060092   -0.843011   -0.679680   -0.121469
   -0.799475   -0.614842    0.947939    0.863982    0.979509    0.894874
    0.296578   -0.997924    0.756413   -0.317301   -0.000482   -0.390183
   -0.860741   -0.327495    0.195378   -0.861019   -0.508968   -0.046366
    0.590942    0.002350    0.480336   -0.772217   -0.008621   -0.751289
    0.198351    0.689231    0.647637    0.356117   -0.588218    0.111795
    0.359028    0.950260    0.926312   -0.850169   -0.178999   -0.848871
    0.876012   -0.420044    0.334892    0.196747   -0.651957    0.765772
   -0.425138   -0.462295   -0.590130    0.362848   -0.679470    0.377983
   -0.946703   -0.918480   -0.991880   -0.739788   -0.628873   -0.616401
    0.989367   -0.271428   -0.179337   -0.949825   -0.253253   -0.417000
   -0.180240   -0.909425   -0.887136    0.139241    0.788368    0.870205
   -0.643981   -0.257828    0.518190   -0.489613    0.711282    0.678815
   -0.132064   -0.234294    0.421091   -0.649202    0.661747    0.324984
    0.263018    0.443257   -0.452826   -0.657336   -0.485264    0.540340
    0.100702    0.312373   -0.869557    0.198541    0.395753   -0.081108
    0.198081   -0.271093    0.754071   -0.486864    0.100083   -0.929664
    0.177460    0.032589   -0.678604   -0.651610    0.357504    0.247571
    0.034770   -0.983493    0.781012   -0.792183   -0.585447    0.769482
    0.380544   -0.347949    0.089329   -0.865658   -0.863642    0.451102
    0.187444    0.670099    0.335480    0.573202   -0.297949   -0.708191
   -0.150282    0.258433    0.954967    0.102949   -0.190032   -0.602518
   -0.418727    0.654357   -0.557698   -0.286475   -0.342898    0.939350
   -0.222424    0.760436   -0.828575    0.058581   -0.898462   -0.363200
   -0.612487    0.442440    0.816227   -0.404968    0.536576   -0.572478
    0.119924   -0.882537   -0.854800    0.591719    0.092236   -0.941730
    0.709020    0.842301    0.820265   -0.208640   -0.916598   -0.102304
    0.554023    0.413783    0.795226   -0.259136   -0.052876   -0.564486
    0.627250   -0.313098   -0.738582   -0.447859    0.083061    0.610265
    0.435941    0.185636   -0.363660   -0.188514   -0.705059   -0.082717
    0.198125    0.463639    0.247278    0.921555    0.049013    0.552756
   -0.294625    0.137891    0.459654    0.659554    0.752347   -0.917830
    0.677746    0.419147    0.868477   -0.275176   -0.714923   -0.492741
   -0.949163   -0.065880    0.690931    0.028027    0.075855   -0.844630
   -0.624300    0.194321    0.404916    0.382165   -0.331076    0.123370
   -0.553131    0.425089    0.228171    0.066357   -0.919638    0.260625
    0.950029   -0.932870    0.432097    0.655366    0.770199    0.883036
   -0.796024    0.620326   -0.748599   -0.500243    0.281191   -0.227096
   -0.649963    0.602152    0.352239    0.689509   -0.138480    0.882013
   -0.889665    0.661906    0.239031   -0.004771    0.598521    0.554254
    0.283075    0.823185   -0.699424   -0.985127    0.063846    0.031347
   -0.688379   -0.445236    0.093635   -0.374502   -0.413089    0.844740
    0.421128   -0.140194   -0.384035   -0.216672   -0.986460    0.963642
    0.399804   -0.382663   -0.129353    0.361350   -0.850369    0.148377
   -0.655278    0.232837    0.708953    0.619808   -0.044496    0.126977
    0.723024   -0.385873    0.563349   -0.386359    0.724719    0.757992
   -0.539008    0.283234   -0.345686   -0.977070   -0.612690    0.674949
    0.008377    0.050695    0.381895    0.256184    0.440977    0.919178
    0.033283    0.837877   -0.101534   -0.824644    0.306533   -0.116702
   -0.158365   -0.206146    0.743212   -0.385000   -0.773279   -0.277511
    0.817378    0.550716    0.136467    0.901717    0.991509    0.652797
    0.105299    0.433699   -0.157845    0.326891    0.391301   -0.135933
   -0.552383   -0.843176   -0.635643    0.885523    0.779290    0.634141
   -0.784156   -0.884017   -0.353991   -0.461819    0.027081   -0.382376
   -0.908932    0.258729    0.942693   -0.871459    0.835760    0.040320
    0.609283   -0.925761    0.510610    0.090827   -0.739894   -0.471345
   -0.849686    0.927178   -0.158026   -0.153740    0.121783    0.397059
   -0.971633   -0.340532    0.348093    0.999221   -0.156311    0.010253
   -0.142442   -0.359303   -0.379329   -0.685031    0.030370   -0.147647
   -0.187786    0.996845    0.432228   -0.391325   -0.360430   -0.688537
    0.141421   -0.394032   -0.899230    0.610322    0.017124   -0.761964
    0.617397    0.728363    0.635573    0.779634    0.829988   -0.817439
   -0.069967   -0.717423    0.086690   -0.571481   -0.700625    0.334677
    0.767726    0.172353   -0.768384   -0.114886    0.720612    0.813934
   -0.465242    0.825375   -0.007191    0.859551   -0.486287    0.497634
    0.146796   -0.536774    0.206708    0.993764    0.213580    0.464899
    0.814389    0.644407    0.735560   -0.420092    0.191846   -0.691466
    0.773996   -0.976592   -0.404324    0.898518   -0.549811   -0.716195
    0.866722    0.118124    0.007632    0.018616    0.853188   -0.327403
    0.070364   -0.078968    0.792565    0.299327   -0.906742   -0.844162
   -0.175017   -0.331868    0.773287    0.405222    0.155447    0.590893
    0.253623   -0.182005   -0.255920    0.232094   -0.034721   -0.688721
   -0.697001    0.321727   -0.219258    0.671010   -0.172186   -0.062164
   -0.736030   -0.620578   -0.154381   -0.991401   -0.294988    0.078123
   -0.704071   -0.837314   -0.023102    0.225405   -0.643633    0.267851
    0.602539    0.450634   -0.955884   -0.827868    0.213304    0.442017
   -0.875511    0.937261   -0.902110    0.193243   -0.186145   -0.409142
    0.589818    0.767598   -0.684364   -0.299557    0.845480    0.771715
   -0.058991   -0.768355   -0.302347    0.191498   -0.765738   -0.064518
   -0.893125    0.044632   -0.778669    0.665417    0.904879    0.669256
   -0.352648   -0.361886   -0.328397   -0.637131    0.442154   -0.743439
   -0.947404   -0.649575   -0.309595    0.757327   -0.774153    0.537861
    0.207952   -0.775114    0.179594    0.906893   -0.455974    0.782475
    0.285295   -0.980574    0.942044    0.386892    0.370486    0.074736
    0.023842    0.755633    0.272765    0.498415    0.084940    0.659801
   -0.685730   -0.133286    0.662914    0.934082   -0.957821    0.421050
    0.554259    0.234503   -0.172137   -0.166033   -0.214219   -0.565213
    0.972902   -0.493241   -0.226891    0.167074   -0.601608    0.826228
   -0.340164    0.879211    0.366383    0.984790   -0.973968    0.515262
   -0.362040    0.986823   -0.057368   -0.462768    0.064431   -0.211305
   -0.047546   -0.514252    0.373025    0.026769    0.001868   -0.802817
    0.301167   -0.190010   -0.122979    0.119083   -0.039049    0.274505
   -0.608581    0.665993   -0.507113    0.837339   -0.207321    0.616723
    0.877221   -0.435779   -0.409948    0.333102    0.422680   -0.467213
    0.914008    0.779016    0.535537    0.081173    0.791532   -0.762717
    0.457321   -0.753416   -0.343976   -0.577028    0.696464   -0.901918
    0.233706    0.693496   -0.700776    0.104875   -0.566808   -0.526259
    0.598335   -0.175678    0.757951   -0.936175   -0.018008   -0.023931
    0.038132    0.939836    0.687733   -0.159040    0.392237    0.136365
    0.945346   -0.310157   -0.498780    0.181834   -0.013626    0.519992
    0.259545   -0.639124   -0.901024   -0.202845   -0.758539    0.127240
    0.118063   -0.833966    0.035737    0.617687    0.084478    0.395697
   -0.063468    0.366571   -0.183679    0.182783    0.215876   -0.306743
    0.061026   -0.579965    0.756277    0.242248    0.668326    0.837014
    0.986354    0.337083   -0.163490    0.543035   -0.243708    0.101928
   -0.550797    0.319350    0.788715    0.168572   -0.432031    0.987662
   -0.253936    0.280670    0.642853    0.686114   -0.639641    0.080283
    0.527820   -0.823457   -0.545670   -0.953111    0.485302   -0.246675
    0.106214   -0.349194   -0.659893   -0.714977    0.243221   -0.596865
    0.037463    0.109162   -0.106813   -0.478384    0.767451   -0.141149
    0.057718    0.032186   -0.701088    0.535065    0.288931    0.278013
   -0.694791   -0.365412   -0.355653    0.689457    0.133432   -0.691114
    0.229840    0.586669    0.732886   -0.805546    0.806221   -0.358818
   -0.437818   -0.519905    0.515584   -0.142984   -0.545638    0.270604
    0.545549   -0.805742   -0.016087   -0.994303    0.302526   -0.697503
   -0.463557   -0.797561    0.314875   -0.326285   -0.687332   -0.453272
    0.092284   -0.589144    0.210111    0.920971   -0.782011    0.921906
    0.547968   -0.158810    0.246492   -0.150141   -0.962179   -0.534321
   -0.824444   -0.738337    0.300706   -0.852235    0.875589   -0.456290
   -0.582434    0.372730   -0.955205   -0.597424   -0.189263    0.676255
   -0.562837    0.642752   -0.157113    0.261222    0.541033   -0.550973
    0.510354    0.532122    0.769498    0.971550    0.884946    0.121874
   -0.853773    0.568464    0.400085   -0.613709   -0.011856   -0.693630
    0.420221   -0.508762   -0.163436    0.971295   -0.995156    0.319738
   -0.043573    0.452242    0.441908   -0.359832    0.716879    0.409224
    0.998018    0.705821   -0.037389    0.816312   -0.282491   -0.351607
   -0.736244   -0.101399   -0.950567    0.978943    0.105107    0.722791
   -0.876481    0.776073    0.114808   -0.661555   -0.712339    0.004179
   -0.991997    0.882662    0.088856   -0.906116    0.880452    0.167145
   -0.660294   -0.615867    0.369693    0.449267    0.341758   -0.241507
   -0.837707    0.840876   -0.092330   -0.364704   -0.336265    0.225518
    0.282958    0.636141   -0.380689   -0.457992    0.608996   -0.990420
   -0.658777    0.881741    0.335234    0.227566    0.989249   -0.568048
    0.873905   -0.591151   -0.285940    0.203903    0.688114   -0.903117
   -0.171121   -0.458915    0.976370   -0.311194   -0.482754    0.241718
    0.394303   -0.148350   -0.947357   -0.962279   -0.287868    0.950815
    0.441016    0.159614   -0.740455    0.761951    0.136658   -0.664572
   -0.429104   -0.505169   -0.007952    0.566556   -0.520939   -0.043144
   -0.192358    0.409329   -0.272070   -0.002595   -0.827722   -0.658066
   -0.500884   -0.384376    0.397945   -0.744140    0.030211   -0.736706
    0.093137   -0.828198    0.909253   -0.980161   -0.832430   -0.524828
   -0.139043   -0.826272   -0.050238   -0.828390    0.135747   -0.171176
    0.008508    0.465821    0.379135    0.187080    0.523499    0.753032
    0.051292   -0.124198   -0.025799   -0.345659    0.684160    0.129534
    0.532000   -0.098837   -0.135476    0.383639    0.699612    0.072276
   -0.625675    0.991281    0.694841    0.489803   -0.716233   -0.954456
    0.678265   -0.017495    0.133821   -0.738319   -0.545225    0.774948
    0.530568    0.118679    0.573367   -0.839051    0.230802   -0.582252
    0.606674   -0.896497    0.909812    0.274630    0.555621    0.272039
    0.660954    0.185499    0.673788   -0.194386   -0.476868   -0.578637
   -0.504872   -0.053332    0.487313   -0.778498   -0.077199   -0.490512
   -0.667263   -0.465668    0.086926    0.058825    0.596003    0.924665
    0.102607   -0.161898   -0.664661   -0.920216    0.701932    0.250660
   -0.965428    0.972874    0.115439   -0.248266   -0.942793    0.265757
   -0.663610    0.012629   -0.848052   -0.391933   -0.752324    0.247041
    0.440427   -0.871787    0.281469   -0.639869    0.720737   -0.183793
    0.211965   -0.097300   -0.393440   -0.295262    0.323612   -0.401026
    0.460823   -0.681471   -0.427015   -0.666047   -0.934940   -0.612308
    0.802594    0.976558   -0.563338   -0.718861    0.693918   -0.506545
    0.973044   -0.000529    0.104399   -0.473004    0.092498   -0.483656
    0.617959   -0.718469    0.682617   -0.044951    0.474311   -0.278654
    0.951488   -0.566635    0.833379   -0.404744    0.417557    0.630974
    0.125749   -0.265126   -0.642894   -0.332157   -0.185344   -0.035054
    0.622412    0.636313   -0.621780   -0.506294    0.267730   -0.012886
   -0.426795    0.021484   -0.152315    0.776593   -0.999474    0.707449
   -0.426290    0.205926    0.470079    0.293060    0.243820   -0.289804
    0.280504   -0.059001   -0.515072    0.116825    0.690863    0.274108
    0.385880    0.123794    0.276612   -0.955024    0.252053    0.143868
   -0.955029    0.510587   -0.185905    0.373364    0.312555   -0.696662
    0.854749   -0.982473    0.679643    0.238186   -0.539191    0.370941
    0.634295   -0.989510    0.379747   -0.024833    0.047746    0.223786
    0.498393    0.868245   -0.654080   -0.416985    0.778480   -0.576301
    0.358017   -0.255918   -0.646259   -0.566074   -0.327673    0.182555
    0.153409    0.527791   -0.454847   -0.187444    0.147505   -0.101805
    0.245892    0.131101    0.296387   -0.046698   -0.612729   -0.236641
   -0.011439   -0.668305   -0.870322   -0.500505    0.410059   -0.800447
    0.838178    0.637985   -0.749219    0.893437   -0.802916    0.118874
   -0.138050    0.281884    0.384211    0.009302    0.954276   -0.990925
   -0.920864   -0.524004    0.581053   -0.327991   -0.725035   -0.866911
   -0.789081    0.340532   -0.155135   -0.538477    0.335114   -0.035953
   -0.711566    0.236083    0.538834    0.847902    0.054162    0.893150
    0.855027   -0.348107    0.351344    0.222318    0.342315   -0.533658
   -0.168842    0.488369   -0.589116    0.493522    0.494032   -0.551360
   -0.419579   -0.735969   -0.802030    0.013834   -0.010447   -0.457336
   -0.092840   -0.721596    0.492078    0.841231    0.132038    0.625310
   -0.265232    0.997132   -0.902804   -0.722110   -0.628832    0.105912
    0.884888   -0.128807    0.324402   -0.686254    0.084938   -0.776630
    0.501933    0.923868    0.237916    0.993684   -0.185972    0.211989
   -0.828733    0.522505    0.641114    0.318526    0.813546   -0.853574
    0.325440   -0.637595    0.861660    0.366664   -0.671982   -0.340104
   -0.179369   -0.308055    0.097716   -0.859397    0.171293    0.797680
    0.658821   -0.291427    0.953301    0.316399    0.017279    0.924677
    0.658461    0.623836    0.072477   -0.190984    0.645786   -0.932992
    0.923414    0.051527   -0.079086    0.453256   -0.074699   -0.217527
    0.526056   -0.744870   -0.947065    0.828180   -0.084200   -0.470897
   -0.476123    0.996116    0.222412   -0.954508   -0.842526    0.903373
    0.457788   -0.702457    0.969711    0.448345    0.859825    0.702708
   -0.733781    0.081729    0.348553    0.387457   -0.346037   -0.292643
    0.342879   -0.918968   -0.758053    0.150254    0.351354    0.561931
   -0.216819    0.177529   -0.342799    0.170834    0.143920   -0.977845
    0.393866    0.694493    0.932476    0.684933    0.126110    0.438931
   -0.813404    0.056285    0.251251    0.329392   -0.658789    0.345276
   -0.481326    0.754864   -0.490474   -0.560925   -0.834341    0.315954
   -0.486095    0.960227    0.819121   -0.499075    0.151301   -0.412711
   -0.627724    0.429717    0.533892   -0.068557   -0.963125   -0.219242
   -0.505350   -0.919969   -0.519775   -0.543162    0.697495    0.266333
    0.389649   -0.484634    0.818679    0.470116   -0.297593    0.798364
   -0.296030    0.335593   -0.239924    0.032265    0.918944   -0.471570
   -0.776725    0.760802   -0.388707   -0.832734   -0.435309    0.938104
   -0.644615   -0.981075    0.969175   -0.426780    0.713862   -0.745616
    0.907879    0.587197    0.291403    0.646430   -0.496430   -0.693276
    0.583651    0.986725   -0.749188    0.389456   -0.843285   -0.067915
   -0.064068   -0.780308    0.797983    0.711353   -0.644947   -0.594861
   -0.258813   -0.331673    0.471888   -0.974380    0.099202   -0.252738
    0.095597   -0.163139   -0.669683    0.885597    0.225775   -0.385380
   -0.223091    0.250472   -0.649270    0.096182    0.029924    0.425463
    0.521414   -0.473279   -0.165129   -0.675062   -0.094467    0.299931
    0.951576    0.699693   -0.368384   -0.349249   -0.810824   -0.857969
    0.460883   -0.145660    0.725806   -0.440438   -0.428189   -0.280634
    0.886343    0.139234    0.998685    0.297412   -0.029494   -0.530822
    0.528361   -0.608468   -0.863828    0.653610   -0.992848    0.172599
    0.328146   -0.903738    0.838237   -0.484705   -0.526480    0.435321
   -0.791720    0.172375   -0.462266    0.796584   -0.227233   -0.257180
    0.576810   -0.934729   -0.157301   -0.128991    0.566549    0.762308
    0.155784    0.639038   -0.779315   -0.835728    0.559209   -0.981920
    0.376066    0.262260   -0.997093   -0.610438   -0.840975   -0.167277
    0.024765    0.928768    0.254135    0.806924   -0.282607   -0.374641

