   -0.174199   -0.866887   -0.052793   -0.055777   -0.778236    0.419367
   -0.190348    0.435539   -0.572532    0.631987    0.829209   -0.262737
   -0.630977   -0.162235   -0.242975   -0.001444   -0.259427    0.413202
    0.483160   -0.099021   -0.318441   -0.099053    0.594574   -0.325322
    0.476483    0.934257   -0.968630   -0.991555   -0.446812    0.183060
    0.789202   -0.775095    0.353163   -0.531151    0.229555   -0.546021
    0.510208   -0.520349    0.721155    0.365097   -0.703171   -0.502760
   -0.917606    0.217350   -0.195175    0.050793   -0.245164    0.341145
    0.688876    0.377397   -0.825208   -0.052447   -0.163874    0.230768
   -0.929092   -0.438673   -0.265034   -0.557623    0.155107   -0.102723
    0.267818    0.211663    0.079900   -0.227316    0.858322   -0.114038
   -0.964652   -0.337352    0.279081    0.524220    0.305888    0.480150
   -0.309183   -0.842415    0.685120    0.809918   -0.618288    0.164337
   -0.661807   -0.805571   -0.210474   -0.757509    0.879977   -0.673721
   -0.969137   -0.687177   -0.077275   -0.324780   -0.457026    0.738285
    0.172000    0.347764    0.320319   -0.326513    0.813846   -0.478033
    0.407484   -0.510865   -0.619480   -0.764937   -0.738011    0.281388
   -0.550597   -0.443792    0.378757    0.158245   -0.658977    0.999553
    0.419426    0.405390    0.317257    0.900103    0.719301   -0.993593
   -0.775378    0.087066   -0.738244   -0.445930   -0.588187   -0.506649
    0.999800    0.133854    0.116050   -0.102682    0.169371    0.804239
    0.542488    0.251979   -0.149632   -0.176442    0.046753   -0.635070
   -0.658073   -0.840320   -0.144396   -0.919948   -0.115959   -0.887713
   -0.800783   -0.419067   -0.094775   -0.557389   -0.135493   -0.228278
    0.268223   -0.319916   -0.515217   -0.843677   -0.509902    0.389722
    0.180528    0.375608    0.307375   -0.104227   -0.438760    0.355049
   -0.096932    0.198183    0.689153    0.465529    0.684488   -0.971139
   -0.843283   -0.227709    0.545736    0.903920   -0.944675    0.503914
    0.867371    0.499862    0.454206    0.547401   -0.389798    0.573268
   -0.173956   -0.266297   -0.816417    0.251579   -0.339311   -0.060131
   -0.665508   -0.590915   -0.500752   -0.462396   -0.254634   -0.716571
    0.289209    0.759035   -0.682727   -0.815108   -0.584818   -0.483566
    0.041125   -0.741924    0.357051   -0.434728   -0.921680   -0.958820
   -0.974340    0.775039    0.055386   -0.930729    0.193823    0.350813
    0.693466   -0.949380    0.252392    0.895716   -0.800923    0.358043
   -0.987976   -0.995639   -0.791209    0.584914   -0.548378   -0.818074
    0.736817   -0.436048   -0.367276    0.866417   -0.180447    0.629973
   -0.139408   -0.194454    0.060183    0.648735   -0.157022    0.260450
   -0.257633   -0.281703   -0.246659   -0.219971    0.132539   -0.081012
   -0.744824    0.295403   -0.649486   -0.078076    0.939366    0.473667
    0.040707   -0.587970   -0.119137    0.318869    0.388341    0.095023
    0.583781   -0.839560    0.954048    0.769434   -0.613880    0.062985
    0.475640    0.769448   -0.141023   -0.628279   -0.794531   -0.820626
   -0.758510    0.219686    0.758366    0.401647   -0.380438   -0.255728
    0.751892   -0.805230    0.471432    0.786695   -0.210761    0.551353
    0.146329    0.339919   -0.529648   -0.153869    0.035992   -0.551508
    0.355272   -0.081520    0.486554    0.946363    0.179057    0.558349
   -0.053664    0.342047    0.709367    0.895070   -0.337917    0.163350
   -0.077897   -0.844115    0.613943    0.965041   -0.610349   -0.429568
   -0.192322   -0.851041    0.247217    0.012863    0.592123   -0.957397
    0.472395   -0.543586    0.423691   -0.656845   -0.596716    0.910929
   -0.155495   -0.445364   -0.135612   -0.588412   -0.145524   -0.678651
   -0.995253    0.610533   -0.774025    0.549459   -0.116006    0.408107
    0.566310    0.291316   -0.320628   -0.465987   -0.415243   -0.520074
   -0.248017    0.910145   -0.011676   -0.143109    0.193546   -0.947201
    0.301467   -0.888908    0.207770    0.177025    0.646360   -0.895386
    0.150002   -0.446000   -0.579319   -0.657827   -0.605889   -0.406575
   -0.569035   -0.635653   -0.155807    0.150443   -0.114402   -0.934311
   -0.383582   -0.081437    0.763091   -0.275577   -0.523142   -0.725078
   -0.494277    0.747583    0.159913    0.209651    0.873080    0.784263
    0.594747    0.463008    0.201160   -0.641663   -0.955158    0.565873
    0.247100   -0.131598    0.281126   -0.587049   -0.200148    0.185080
   -0.252601    0.230954   -0.451562   -0.607933   -0.859194   -0.723799
    0.195048   -0.809725    0.301128    0.335686   -0.434473   -0.002772
   -0.645748   -0.830936    0.796114   -0.111409    0.171055    0.402701
   -0.547176    0.548032    0.024007    0.719146   -0.694464    0.707078
    0.045773    0.613144    0.979141   -0.829430    0.044724   -0.663980
    0.335497   -0.614926   -0.419707    0.740817   -0.408133    0.606642
   -0.249036   -0.500848   -0.093527    0.547872   -0.688572   -0.317520
   -0.170457    0.101918   -0.723699    0.548354   -0.018423    0.766176
   -0.682982   -0.657110    0.130193    0.982795   -0.098607    0.737904
    0.915409    0.073514    0.963245    0.774654    0.336528    0.801833
    0.418846   -0.039546    0.056758   -0.230856    0.523529   -0.090581
    0.584232    0.638135   -0.175436   -0.132455    0.757858   -0.937332
    0.413198   -0.604059    0.204035    0.105290    0.342835    0.602585
    0.552380   -0.888044   -0.781433   -0.466108   -0.876375   -0.183166
   -0.576531   -0.833302   -0.723508   -0.460807   -0.830708   -0.271861
    0.295466   -0.692014   -0.357088    0.362409   -0.518561   -0.572542
    0.729136    0.283695    0.530066   -0.836629    0.012376    0.066432
    0.892222    0.161323    0.713233    0.787162   -0.503207   -0.128659
    0.065750   -0.828606   -0.023986    0.782182   -0.033649   -0.664676
   -0.930385    0.964333    0.501760   -0.517482   -0.141869   -0.288973
   -0.211664   -0.657686   -0.699731   -0.173571   -0.914808    0.091619
    0.140060    0.247865    0.194272    0.448907    0.843445    0.669491
    0.302392   -0.620972   -0.820792    0.749083   -0.334511    0.420866
   -0.824954    0.713422   -0.183422   -0.956850   -0.897431   -0.317120
    0.693726   -0.257044    0.110063   -0.435841   -0.269449   -0.179737
   -0.290185    0.690698    0.210288   -0.138915    0.844477    0.831051
    0.734626   -0.628288   -0.480775    0.502989   -0.813925    0.018355
   -0.973076    0.508365    0.371550    0.914502    0.015587   -0.908211
   -0.648537    0.395466   -0.152430    0.277034    0.910020   -0.727176
    0.097386   -0.040767    0.613273    0.661785    0.883081    0.900162
    0.560535    0.658618    0.957716   -0.688903    0.109231   -0.986787
    0.396709    0.326396    0.847638    0.936462    0.032809    0.815859
   -0.149504   -0.015833    0.746418   -0.966872   -0.661955    0.088268
    0.631663   -0.861108   -0.648231   -0.591636   -0.133411    0.174233
    0.110063   -0.135440   -0.176009   -0.443239    0.686301   -0.203576
   -0.888011   -0.588265   -0.863753   -0.102991    0.107375    0.215838
    0.927832    0.816249    0.463732    0.682071    0.289015    0.537712
    0.312748   -0.669186    0.828363   -0.319966    0.647483   -0.405722
    0.543585   -0.184105    0.571830   -0.540816    0.575130   -0.293634
    0.846013   -0.508056    0.938124   -0.262477   -0.421311    0.805927
   -0.514422    0.705824   -0.540872    0.418272    0.592848    0.646325
    0.985914   -0.240834   -0.484448   -0.140601   -0.511836    0.094354
   -0.768606    0.088030   -0.254273    0.613644   -0.216429    0.517150
    0.198435   -0.536146   -0.716316   -0.277573   -0.352038   -0.826758
    0.544272    0.467780   -0.911623   -0.020453   -0.105139   -0.488001
   -0.050183   -0.609550   -0.277799   -0.288773    0.123511   -0.071776
   -0.354271    0.205880   -0.339860   -0.770900   -0.561668    0.149055
   -0.793557   -0.181728    0.043845   -0.739008    0.606866    0.868399
    0.101595   -0.044211    0.852368   -0.017194   -0.350689   -0.773169
   -0.304182    0.027535    0.847042    0.848880   -0.819298    0.679966
    0.772451   -0.802123    0.873344   -0.823953    0.205507   -0.283784
   -0.502039   -0.210854    0.694962   -0.390989   -0.878350   -0.833973
    0.181605   -0.598319   -0.880767   -0.662089   -0.287722    0.196695
    0.647722    0.904060   -0.973070    0.305357   -0.051785   -0.923070
   -0.876928   -0.478620    0.949681    0.175055    0.552734    0.721290
   -0.505224   -0.106399    0.915436   -0.622141    0.434723    0.506598
    0.622671    0.540408   -0.738668   -0.476197   -0.525116    0.707156
    0.938139   -0.302184   -0.693799   -0.662731   -0.050445    0.606829
    0.750967    0.483464   -0.392292    0.170100    0.751817   -0.288968
   -0.574806   -0.572294   -0.841623   -0.110669   -0.907280   -0.836845
   -0.441579    0.185700    0.140961   -0.954834    0.828586   -0.990839
   -0.399667    0.557012    0.921157    0.988909   -0.633465   -0.695850
   -0.294207    0.799940   -0.945683    0.071540    0.524248   -0.473504
   -0.041152    0.146937    0.720900    0.582563    0.510692   -0.849256
   -0.834623    0.090434   -0.226211   -0.826118   -0.256568   -0.916595
   -0.900966   -0.470234    0.388211    0.540458    0.805266    0.907928
    0.070739    0.445534   -0.357876    0.919201   -0.379657    0.806749
    0.570913   -0.020355    0.960855    0.098356   -0.269729   -0.024429
   -0.203028    0.757156    0.805127    0.021630   -0.019484   -0.645611
    0.123538    0.225291   -0.910379    0.150166    0.344078    0.858709
    0.686100   -0.313420   -0.905120    0.051658   -0.221957    0.219518
   -0.863133    0.163644    0.685387    0.696489   -0.565579    0.573516
   -0.228130    0.613517    0.376194   -0.476882    0.028664   -0.068463
    0.306026    0.955612   -0.302366   -0.348034   -0.901286   -0.694087
   -0.429243    0.925419   -0.145909   -0.150060    0.624049   -0.677271
    0.061080   -0.136702    0.898744    0.704678   -0.611425   -0.247524
   -0.540585   -0.550305    0.259828    0.983087    0.691170    0.034993
   -0.403474   -0.823954   -0.050645    0.607520    0.880870    0.035976
   -0.418099   -0.587045    0.168803   -0.202749   -0.275929    0.441560
    0.219944   -0.405944    0.937028   -0.272970   -0.876709   -0.249865
   -0.334003   -0.492577   -0.352312    0.046897    0.970665   -0.904699
   -0.757393   -0.349923   -0.456306    0.741000   -0.905128    0.114962
    0.213620   -0.968293   -0.325923   -0.523284    0.597183    0.594603
   -0.397192   -0.763556   -0.817055   -0.952941    0.252757   -0.724088
    0.413736    0.228470   -0.867355   -0.635858   -0.924425    0.650203
   -0.563260   -0.054837   -0.672464   -0.765165   -0.469807   -0.884126
   -0.788420    0.999308    0.051762   -0.976135    0.817722   -0.953983
    0.516572   -0.167238   -0.758882   -0.234317    0.828254    0.614855
    0.545841   -0.059584    0.381426    0.737591    0.175298    0.144316
   -0.756831   -0.515888   -0.567460    0.631129    0.722200   -0.005114
    0.326992   -0.616656   -0.182802    0.636768   -0.098898    0.894291
    0.281064    0.648017    0.685437   -0.771616    0.952017    0.504935
   -0.080904   -0.897746   -0.662763    0.037197    0.319571   -0.066507
    0.390798    0.208407   -0.599266    0.418466    0.801799   -0.238910
    0.713684    0.461024   -0.646771    0.965467    0.591423   -0.356111
    0.045527    0.629627   -0.534078   -0.947494   -0.259041   -0.725176
   -0.113274    0.678169    0.169438   -0.317714    0.871251   -0.243416
    0.277340   -0.627382    0.518282    0.551244   -0.401439    0.868468
    0.080903    0.178311   -0.627646    0.762857   -0.028492    0.426526
    0.408975    0.355591   -0.765988   -0.640952    0.168322   -0.817020
    0.911849   -0.551890    0.568385    0.959602   -0.921400    0.138767
    0.175269    0.401008   -0.709809    0.446246    0.356501   -0.270616
   -0.639516    0.061914   -0.338280   -0.000632   -0.387376    0.372427
   -0.992501   -0.802203   -0.340852   -0.389713   -0.085085   -0.607448
    0.449256    0.526162    0.790746   -0.250815    0.087143   -0.016964
    0.084132   -0.886453    0.632790   -0.305721   -0.302588    0.324680
    0.799052    0.569662    0.950250    0.684416   -0.402111   -0.847901
   -0.608031    0.636028    0.397272   -0.777800   -0.661128    0.930539
   -0.644680    0.719410    0.943448   -0.556502   -0.593989    0.102014
   -0.818284    0.845049   -0.519229    0.838225    0.865666   -0.348961
   -0.225256   -0.251666   -0.368488    0.419547   -0.134604    0.045816
    0.135853    0.331958    0.062900    0.953891   -0.201298   -0.944846
   -0.281305    0.655288    0.999548    0.586815   -0.353575   -0.071937
   -0.074702    0.576490   -0.431637   -0.870933    0.530482   -0.820232
   -0.704672    0.324117    0.447694   -0.589620    0.754122    0.514689
    0.468341    0.740038    0.401447    0.523169    0.675611    0.787846
    0.827021    0.670746    0.685653    0.355155    0.194534    0.327529
    0.610429   -0.032094   -0.315577   -0.775214    0.671481    0.148720
    0.150208   -0.034867   -0.692268    0.307722   -0.080737    0.002228
   -0.015070    0.061448   -0.872217   -0.790177    0.411079    0.786353
   -0.646027   -0.870113   -0.493384   -0.472498   -0.705734    0.028717
   -0.584173   -0.127038   -0.781892   -0.492810   -0.587416    0.810503
    0.852452   -0.917103   -0.611447   -0.529427    0.665159   -0.445930
    0.608406    0.269247    0.391056   -0.276656    0.280296   -0.096008
    0.821866    0.680219   -0.031751   -0.635344    0.209947   -0.723839
   -0.825967    0.139654   -0.558483   -0.471601    0.579956   -0.085937
    0.096727    0.307430   -0.793608    0.969172    0.787476    0.829268
   -0.444320   -0.324185   -0.769736    0.891972    0.378309    0.578993
   -0.387582   -0.077109    0.875446    0.853816   -0.287276    0.807179
    0.657892   -0.591884    0.269252    0.405130    0.224764    0.754151
   -0.160966    0.646213   -0.039214    0.367215   -0.734712   -0.755210
    0.358835    0.187965   -0.660220    0.688138   -0.600569   -0.866221
    0.634266    0.204175   -0.187388   -0.308268    0.298406   -0.582226
   -0.141885    0.776362   -0.538686    0.776259    0.601586   -0.020980
    0.157380    0.251015   -0.859254   -0.724831   -0.966104    0.349393
    0.097962    0.614944   -0.675423   -0.724482   -0.130163    0.796869
    0.331578   -0.004520   -0.967449    0.723778   -0.351659   -0.751644
    0.855584   -0.263550   -0.321661    0.631677   -0.147772    0.704453
   -0.234831    0.620085   -0.026369    0.515374    0.748367   -0.450037
   -0.120731    0.026846   -0.213007    0.108850    0.313039   -0.134971
   -0.735587   -0.964798    0.208081   -0.086840    0.967828   -0.019800
   -0.396175    0.141852   -0.271615    0.595959   -0.982479   -0.379544
    0.847293    0.344987   -0.509133    0.894382   -0.123776   -0.824044
   -0.767002   -0.421077    0.421043    0.865584   -0.231268    0.641519
   -0.058408    0.744977    0.442003    0.127913    0.476638    0.027336
    0.792808   -0.670643   -0.407862    0.308612    0.803316   -0.734325
   -0.206038    0.113747    0.319673    0.855394   -0.518097   -0.892726
   -0.467763    0.658574   -0.587339    0.029806   -0.794730   -0.909510
    0.293221    0.333439    0.345475   -0.142871   -0.039842    0.958136
   -0.894410    0.521015   -0.373998   -0.437981   -0.966077   -0.098497
   -0.271973   -0.654484    0.911489   -0.841614    0.199101   -0.627865
   -0.543401    0.319800    0.357711    0.676769    0.548359   -0.734100
    0.307195    0.450112   -0.757416   -0.859176    0.421217    0.507916
    0.057763   -0.902869   -0.226219   -0.275884    0.534697   -0.242642
    0.105620    0.437326   -0.294419   -0.959359   -0.832330   -0.558648
    0.376152    0.332410    0.650366    0.903183    0.782227   -0.712964
    0.557801   -0.631980    0.195322   -0.806006   -0.257002   -0.246642
   -0.481080    0.707314    0.012526    0.203100    0.826068   -0.187102
   -0.011100    0.050152    0.462619    0.890995   -0.333778    0.613101
    0.135512    0.906291   -0.279850    0.044638   -0.444665    0.696275
    0.302892   -0.709952   -0.974567   -0.732554   -0.495016    0.329989
    0.135344   -0.540652    0.244251   -0.810110    0.121257   -0.392460
   -0.407598   -0.976851   -0.147418   -0.309125    0.065630    0.929289
   -0.851026   -0.234798   -0.952273   -0.779577    0.117950   -0.108865
   -0.341190   -0.548599    0.355838   -0.185306   -0.195371   -0.019999
   -0.718351    0.602027   -0.316723   -0.186060    0.229902   -0.843761
   -0.611340   -0.654653    0.321384    0.777825    0.056296    0.445082
    0.301351   -0.591095    0.691568    0.882729   -0.182080    0.400117
    0.778284   -0.358454   -0.641582   -0.399175    0.785613    0.741525
   -0.251597   -0.863401    0.547165    0.440639    0.824926    0.672946
    0.600448    0.181178   -0.250994    0.444585    0.262198    0.756323
   -0.653773    0.336615   -0.542665    0.922627    0.652161   -0.452423
    0.885738   -0.723001    0.040536   -0.850562    0.804452    0.212978
   -0.558069    0.333221    0.841582   -0.950458    0.742824   -0.608040
   -0.777160   -0.413214   -0.081200    0.171275    0.193537   -0.405944
    0.382439   -0.072687   -0.350967   -0.158033    0.270496   -0.708672
   -0.910181   -0.282082   -0.791677    0.995432   -0.115378   -0.855924
    0.914762    0.781230    0.220037    0.663255   -0.895329   -0.477609
   -0.784836    0.712609   -0.041511    0.595204    0.315865   -0.257531
   -0.264284   -0.017090    0.614319    0.539205   -0.425832    0.502884
   -0.049110    0.402857    0.829998    0.315023   -0.680022   -0.661162
    0.582801    0.172475    0.656233    0.066734   -0.431592    0.673572
   -0.369576    0.055973    0.616172   -0.520140   -0.570051    0.772125
    0.095793    0.537376    0.685677   -0.086156    0.778246   -0.796955
   -0.720918    0.110568   -0.408423   -0.520638    0.800239    0.088665
   -0.913171    0.331317   -0.930258    0.480546   -0.701777   -0.701873
    0.920566   -0.864063   -0.660134    0.822345   -0.527199    0.959073
    0.324491    0.373881    0.302292    0.386144    0.953388   -0.339338
   -0.775632    0.378259    0.763327   -0.728132    0.009417    0.950446
   -0.626052   -0.645869   -0.540281    0.226781    0.298290    0.518087
   -0.320335    0.691468    0.928223    0.763443   -0.428043    0.971545
   -0.767877    0.304721    0.832560    0.966682    0.808221    0.394277
   -0.584530   -0.481458    0.839860   -0.656757    0.639799   -0.475146
    0.592566    0.941170    0.642537    0.455072   -0.474324   -0.733549
   -0.452534    0.847281    0.215792    0.966954   -0.743482    0.301343
   -0.398395   -0.323522    0.417260   -0.621496   -0.129879   -0.107853
    0.446916    0.026120    0.436914   -0.598118    0.764608   -0.788323
    0.255267   -0.285419   -0.240079    0.504135   -0.923463    0.384171
    0.735459   -0.198624    0.536280   -0.851488   -0.322906   -0.196742
    0.563725   -0.736908   -0.379410    0.763272   -0.664431   -0.656248
   -0.401922   -0.775056    0.590118    0.270676   -0.559755    0.688234
   -0.870910    0.948681   -0.569854    0.274898   -0.882843   -0.484690
    0.453462    0.934777    0.684726   -0.284612    0.939707   -0.145469
   -0.074020    0.345003    0.438066   -0.332041   -0.584096   -0.977071
    0.307573   -0.772137   -0.301484    0.239564    0.728161   -0.239516
   -0.652689    0.912548   -0.651855   -0.777262   -0.375689   -0.926204
   -0.893179   -0.276187    0.264861    0.858938    0.104147   -0.615662
   -0.496220   -0.954833   -0.629515    0.756801    0.038019    0.476949
   -0.935428   -0.439609    0.093137    0.265020   -0.957166   -0.607266
   -0.857316    0.662012    0.917806    0.279236    0.595675    0.001984
   -0.375702   -0.142850   -0.348476    0.085233    0.358533   -0.337136
    0.037611   -0.753441   -0.897120   -0.030170    0.491310    0.640760
    0.247705    0.099534    0.339126   -0.966501   -0.566818    0.842094
   -0.273809   -0.623887   -0.569146   -0.281721   -0.181856   -0.076222
    0.729920   -0.411916    0.542439   -0.718390   -0.922522   -0.133723
   -0.086493   -0.398117    0.876748    0.217616    0.226970    0.242651
    0.268785    0.344726   -0.848869   -0.060436   -0.760184   -0.055689
    0.606516    0.276157    0.247748    0.067291   -0.321456   -0.022002
   -0.140776   -0.132557   -0.023314    0.221899    0.456043    0.395135
   -0.742188   -0.311586   -0.426426   -0.718062   -0.039371   -0.595579
   -0.004036    0.773739   -0.947847    0.445077   -0.800862   -0.070621
   -0.475866   -0.799060   -0.796588   -0.714884    0.642677   -0.412631
   -0.372727   -0.840165    0.035843   -0.938946   -0.861099    0.186267
    0.398366   -0.963927   -0.279069   -0.724979    0.359534   -0.320960
   -0.897868    0.090253   -0.528223   -0.211770    0.253628    0.123591
   -0.302446    0.627502    0.939163   -0.950802   -0.474338   -0.599698
   -0.651666   -0.860992    0.913582    0.354918   -0.761537    0.051093
    0.639640   -0.310157    0.020494    0.212279    0.325712    0.639775
    0.754610    0.562556   -0.254957   -0.872983   -0.421548   -0.023869
    0.833759   -0.213164   -0.160579    0.795425    0.582815    0.731105
    0.970658    0.742402    0.345303    0.132718   -0.589008    0.769665
    0.093566   -0.152882   -0.668567   -0.743474    0.008328    0.055620
    0.598852   -0.443816    0.487247    0.356798   -0.538531    0.547825
   -0.894613    0.816733    0.910345   -0.462299   -0.866077    0.632791
    0.688849   -0.233849   -0.608093   -0.364992   -0.202790    0.466189
    0.809795    0.735580   -0.459753   -0.532506   -0.380232    0.115476
   -0.661059   -0.902213    0.101340   -0.924369   -0.591437   -0.314334
    0.138570   -0.175004    0.882179   -0.997673   -0.535347    0.931461
   -0.255932    0.615273   -0.200316    0.775595   -0.475630   -0.203671
   -0.078390   -0.522347    0.313961    0.081286    0.978185   -0.870767
   -0.250968    0.060934   -0.838717   -0.283728    0.906120    0.074441
    0.481590    0.279677   -0.340149   -0.205659    0.214771    0.711464
    0.167863   -0.131940   -0.141196    0.883821    0.876569   -0.408017
    0.170952    0.075246    0.873191   -0.551983   -0.163994   -0.816914
    0.672683    0.621983   -0.548749    0.537736   -0.311561    0.421590
   -0.931120   -0.461969    0.621097    0.777924   -0.069699    0.159503
   -0.860256    0.247650   -0.514264   -0.786216   -0.690010    0.732147
    0.060520   -0.307038    0.955710   -0.094147    0.051098   -0.218673
   -0.123038   -0.650273    0.062116    0.124929   -0.035881    0.707531
    0.298272    0.788874    0.815131    0.389841    0.495133    0.104660
    0.727481    0.927228    0.016463   -0.073856    0.548355    0.025860
    0.582698   -0.128818    0.689104   -0.557671    0.329525   -0.061663
   -0.692939    0.919678    0.766379   -0.772743    0.366076    0.762879
   -0.232705    0.708989   -0.816150   -0.475950    0.656683    0.854235
    0.811305   -0.460502    0.858635   -0.565315    0.076486    0.700077
    0.175914   -0.857816    0.590540    0.435533   -0.832716   -0.143467
   -0.884892    0.253657   -0.050631   -0.802587   -0.119149    0.611601
   -0.457769    0.939354    0.495156    0.096341   -0.727032    0.011766
    0.530128    0.505319   -0.185958   -0.441008    0.331749   -0.830652
   -0.858516   -0.055225   -0.547010   -0.438688    0.456868    0.691302
    0.015069   -0.795578    0.865564   -0.056797    0.403330    0.503603
   -0.919721   -0.496417   -0.534966   -0.910213   -0.980711   -0.670556
    0.907767   -0.457619   -0.666635    0.394157   -0.170123    0.020234
    0.158590    0.962758    0.044102   -0.961506    0.151279   -0.980759
   -0.131721    0.593903    0.686817   -0.523372    0.976735   -0.740351
   -0.469392    0.319761    0.401336    0.897948   -0.031405   -0.472844
    0.073263    0.883544    0.539165    0.345779    0.078440   -0.005308
    0.064130   -0.529707   -0.264329    0.780565   -0.448500   -0.765874
   -0.088414   -0.540877   -0.568062   -0.105151    0.494308    0.832281
    0.086074    0.116431   -0.095524   -0.282967   -0.683187    0.540375
   -0.330855   -0.557512    0.143599   -0.222646   -0.767989   -0.027299
   -0.893703    0.969535   -0.978472    0.159820    0.142727    0.833697
    0.265374   -0.708338   -0.309073   -0.035910    0.362428    0.950988
   -0.206317   -0.215471    0.189906   -0.372474    0.158851    0.683505
   -0.022425    0.069989   -0.005193    0.774392   -0.859676    0.360937
   -0.654253    0.063486    0.200655   -0.235194   -0.138269    0.919621
    0.434956   -0.801550   -0.984223   -0.290287   -0.935557    0.754262
    0.629219    0.500158   -0.286089    0.407303    0.866606    0.739301
    0.601276   -0.420823    0.544606   -0.630517   -0.234392    0.765642
   -0.034728    0.570788   -0.947286   -0.337163    0.508403    0.943362
   -0.048997    0.548637    0.116396   -0.781707    0.209462   -0.190535
    0.432973   -0.611480   -0.058000    0.017155   -0.805719    0.012589
   -0.186997   -0.820995    0.637685   -0.406820   -0.001731    0.058831
    0.672254   -0.311266    0.867543   -0.989323   -0.771619   -0.681522
    0.336921    0.921287   -0.882755   -0.449486   -0.104809   -0.537057
   -0.721355    0.617813    0.146249   -0.013017    0.167169   -0.980135
    0.063862   -0.227588   -0.964933   -0.716701    0.975983    0.217732
   -0.398968    0.527648   -0.619230    0.487968   -0.704384    0.901868
    0.371694   -0.058283   -0.723065   -0.692135   -0.067029    0.987871
    0.908399   -0.857164   -0.270240    0.209782   -0.000912    0.869223
   -0.116367   -0.367082   -0.672419    0.311041   -0.035750   -0.575193
   -0.252377    0.589278   -0.816139    0.049730   -0.916494    0.685459
   -0.883502    0.780438    0.206462    0.246138   -0.693710    0.901257
    0.078979    0.130495    0.607569    0.493224    0.589274   -0.100422
    0.857422    0.050101   -0.369033   -0.240324   -0.462817   -0.730131
   -0.664641    0.010181   -0.355933   -0.101161    0.954252   -0.281292
   -0.024557   -0.606546   -0.472852    0.339552   -0.970376   -0.104715
   -0.129953   -0.452906   -0.499927    0.189039    0.871285   -0.595278
    0.756240   -0.932176    0.833049   -0.315709    0.592446   -0.057203
   -0.581230   -0.091376   -0.323454    0.803999    0.148796    0.600519
    0.350117    0.744893   -0.485889    0.312500    0.892329   -0.424799
   -0.418219    0.815896   -0.665389    0.283155   -0.992169   -0.603532
    0.755235    0.714528   -0.888370   -0.182319   -0.518832   -0.847267
    0.648479    0.670425   -0.573542   -0.931480   -0.980229    0.590823
   -0.776147    0.443935   -0.417355    0.159459   -0.329727    0.246884
    0.024937    0.402757   -0.467893    0.137488   -0.533420    0.399008
   -0.327921    0.031557    0.334547    0.211532   -0.092350   -0.388003
   -0.270863    0.429490    0.213977   -0.818174    0.865167    0.530907
   -0.128522    0.535252   -0.225386   -0.602378   -0.487243   -0.807393
    0.575523   -0.706408   -0.971697   -0.651490    0.135162   -0.999354
    0.963871   -0.134304   -0.996842    0.220022    0.607733   -0.853878
    0.053742   -0.267969   -0.507099    0.157718    0.003195    0.767256
   -0.753098   -0.554078   -0.866810    0.137298   -0.032048    0.622506
    0.304374   -0.579724   -0.580206    0.158777   -0.139191    0.827025
    0.057026   -0.432932   -0.393946   -0.885399    0.840631    0.029569
   -0.908460   -0.477687   -0.838250   -0.267003   -0.960400    0.634964
   -0.156021   -0.503173   -0.195698    0.094407   -0.086309    0.482860
   -0.424257   -0.464566    0.113566   -0.578739    0.029490    0.376232
   -0.103560    0.616508   -0.577242   -0.679505   -0.809995    0.662697
   -0.254746   -0.196541   -0.901270   -0.240128    0.307605   -0.975807
    0.522972   -0.832091    0.038218    0.852002   -0.789791   -0.541038
   -0.861062    0.672767   -0.533820   -0.231982   -0.706040   -0.134092
   -0.044799   -0.552043    0.894069   -0.441324   -0.329687   -0.278308
    0.126206    0.472951   -0.255530    0.129554   -0.619210    0.994095
   -0.408254   -0.126740   -0.010517    0.649176    0.937051    0.192819
    0.581687   -0.537626    0.946567    0.144444   -0.076539   -0.183102
    0.464096   -0.716188    0.072904    0.605370    0.740178   -0.301699
    0.397516    0.521039   -0.739390   -0.037500   -0.501772   -0.809522
    0.967379   -0.060623    0.813996    0.157450   -0.219639   -0.849502
   -0.270198   -0.927491    0.490596    0.780742    0.632057    0.219513
   -0.051200    0.501003    0.635874    0.616625    0.249188   -0.422244
   -0.969731   -0.051414   -0.922372    0.586553    0.537228    0.888965
   -0.617771    0.483101    0.522261    0.215512   -0.694634    0.133034
    0.484742    0.647560    0.115494    0.811503    0.348574   -0.881495
   -0.732713    0.403483   -0.640709   -0.392344    0.116038    0.277823
   -0.578194   -0.638217    0.576481   -0.738434    0.460814    0.905280
    0.667537   -0.311677   -0.932724    0.715030    0.630530   -0.546684
    0.294491    0.264778   -0.384854    0.077917   -0.543947   -0.175247
    0.631672    0.675585    0.824657    0.672994    0.568925   -0.235572
   -0.327343    0.064126    0.327006   -0.529466    0.498427   -0.977692
    0.427902    0.677403    0.335952   -0.884559    0.707860    0.363935
    0.862897   -0.231026    0.888395    0.862353   -0.425150   -0.659820
    0.764806   -0.581231    0.501505   -0.586833    0.955555    0.785613
   -0.640607    0.707712   -0.465076    0.772455   -0.501603    0.747943
    0.963706   -0.945201    0.572823   -0.439477   -0.838441    0.102043
    0.880220    0.009402   -0.796557   -0.713604    0.509593   -0.066433
    0.180557    0.877837    0.710440    0.050556   -0.079513    0.154076
    0.373395   -0.324774   -0.204541   -0.129496   -0.489671   -0.835394
    0.906878   -0.236791   -0.839854   -0.925447   -0.765743    0.413407
   -0.204891    0.001992    0.150521    0.986585    0.554407   -0.403789
    0.456606   -0.009719   -0.820556    0.982090   -0.089170    0.640447
    0.951931   -0.813089   -0.751245    0.188759   -0.862390    0.946533
   -0.357701    0.975215    0.794721    0.649979    0.059639   -0.843250
    0.509207    0.653346    0.597953    0.207651    0.991757   -0.818557
    0.532766    0.978621    0.766158   -0.290621    0.849994    0.690375
    0.810175   -0.518285   -0.397115    0.895124   -0.686211   -0.895747
    0.717427    0.931662   -0.649177    0.024117   -0.137751   -0.478283
    0.376498    0.547831    0.958497    0.558153   -0.309618   -0.418284
   -0.063841   -0.754828   -0.114183    0.699221    0.877433   -0.024666
   -0.631695    0.457132    0.309196    0.364109   -0.774936    0.262430
    0.108496   -0.487165   -0.778547    0.933337    0.342176    0.002347
   -0.030404   -0.452755    0.977970    0.955662    0.207990    0.556129
    0.475899    0.300130    0.963291   -0.886985   -0.449501   -0.516647
    0.366704    0.601232   -0.850934   -0.137043   -0.351420   -0.898396
   -0.645348    0.698274   -0.814610   -0.757703   -0.412987   -0.162328
   -0.912734   -0.505273    0.653399   -0.869469    0.181975   -0.593916
    0.505337    0.053617   -0.242459    0.344902   -0.886891    0.054588
    0.796277   -0.566583   -0.992954   -0.266106    0.472351    0.493235
    0.918337    0.198209    0.878145    0.443026   -0.209308    0.937106
   -0.504990   -0.196988   -0.256396    0.491296   -0.930859   -0.625030
    0.564770   -0.979916    0.681167   -0.493507   -0.808259    0.829417
    0.448542   -0.880427   -0.292448    0.032439   -0.291844   -0.063178
    0.031865    0.695417    0.052209   -0.653079   -0.371237   -0.221165
   -0.896432    0.996603   -0.041920    0.538635   -0.147718   -0.898391
   -0.577273   -0.739907   -0.085832   -0.474686   -0.545996    0.545831
   -0.821330   -0.432938   -0.401576    0.528723    0.346986   -0.512040
   -0.208887    0.251781    0.321723   -0.141472    0.771715    0.868064
   -0.255787   -0.724323    0.416266   -0.062506   -0.128681   -0.636581
   -0.629463   -0.597270   -0.218452   -0.468327   -0.436108    0.267371
    0.542131   -0.755803   -0.977100    0.212175   -0.338752    0.984492
   -0.103802   -0.023429   -0.023565   -0.628833    0.992198    0.017326
   -0.960885    0.236383   -0.770903    0.027533    0.778575   -0.292016
    0.255236   -0.573058   -0.988009    0.807400   -0.879958    0.219796
    0.889365   -0.302591    0.839608   -0.902148    0.363961   -0.369117
    0.609805   -0.071350    0.988705    0.822664    0.006306   -0.405609
   -0.911718    0.180990    0.253780   -0.156963   -0.685108    0.195041
    0.338891   -0.338949    0.896061   -0.791521   -0.246641   -0.459564
    0.389878    0.939596    0.773288    0.185200    0.478613   -0.197420
    0.515947   -0.161118   -0.570153    0.445260   -0.096369    0.032193
    0.002345   -0.617099   -0.103418   -0.532790   -0.051324   -0.677270
   -0.468996    0.713317   -0.035233    0.391191    0.625569    0.895707
   -0.368735   -0.126121   -0.714209    0.654895    0.309630    0.240190
   -0.941200    0.420014    0.061716   -0.647688    0.523341   -0.178729
    0.795821    0.864640    0.609603   -0.509767    0.341908   -0.483516
   -0.770612    0.428901   -0.780343   -0.251912    0.394185   -0.558382
    0.715943   -0.989058    0.993247   -0.070156   -0.701837    0.980520
    0.759169   -0.191232    0.700197    0.950595    0.109858   -0.668574
   -0.849945    0.368304   -0.576462    0.095880    0.413361   -0.388761
    0.975192   -0.702678    0.333956   -0.055303   -0.568456   -0.272110
    0.277643   -0.531042   -0.814543   -0.061204   -0.301920   -0.012911
    0.503648   -0.214966    0.386487   -0.537046   -0.932345   -0.326410
    0.225477    0.040908   -0.281368    0.828357    0.185908    0.815410
    0.840015    0.162392   -0.636666    0.590298    0.742494    0.960792
    0.294502   -0.681825    0.015672   -0.297250    0.126757    0.616511
    0.453426   -0.662971    0.654317    0.882793    0.842060   -0.001049
   -0.844431    0.117300   -0.690438   -0.905607   -0.362231   -0.475620
    0.253185    0.601492    0.727042    0.434006   -0.549604   -0.555872
   -0.856415    0.325776    0.680619    0.630313    0.925863    0.191657
    0.160508   -0.067417    0.728870   -0.168478    0.485646    0.905918
    0.788191   -0.565223    0.988249   -0.679149    0.803485   -0.229889
    0.021057   -0.981808    0.320369   -0.438121   -0.634672   -0.812450
    0.236376   -0.692418    0.538864   -0.757523   -0.241587    0.170193
    0.067020    0.106779    0.657555    0.026394    0.295542    0.018210
    0.516463    0.584778    0.981523   -0.145206   -0.740198   -0.116585
    0.427011   -0.495266   -0.035705   -0.713448   -0.076063    0.183330
   -0.556797    0.876694   -0.466193   -0.733787   -0.632252    0.477636
    0.198438    0.372681    0.602535    0.699726    0.408851   -0.070446
    0.559016    0.928693   -0.751598   -0.464884    0.817014   -0.464336
   -0.867563   -0.197004   -0.623132    0.152486   -0.897369    0.801902
   -0.525934    0.034292   -0.035324   -0.497618   -0.486901   -0.982521
    0.740575   -0.604800   -0.629826   -0.016244    0.665314    0.839344
   -0.315896    0.111056   -0.502990    0.220309   -0.828534   -0.120022
    0.260714   -0.498033   -0.006102    0.531630    0.675953   -0.060323
    0.818706   -0.974666    0.702053    0.703779   -0.077847   -0.822399
    0.241500   -0.089303    0.280389    0.997891    0.033135    0.897916
   -0.337066   -0.824728   -0.132031    0.492111   -0.841584    0.984416
   -0.848525   -0.761551   -0.592368    0.894703    0.293736   -0.337446
    0.359458   -0.677846   -0.322667   -0.081878   -0.515821   -0.191767
   -0.275429    0.414042   -0.586367   -0.942329   -0.967599    0.820047
    0.994183   -0.031530   -0.174648   -0.336962    0.836053   -0.242618
   -0.195494    0.596542    0.699899    0.464280    0.148611    0.006235
   -0.728908   -0.140039    0.288973    0.149852    0.340018    0.571309
    0.632689    0.107889   -0.255461    0.953692   -0.345062    0.643182
    0.678813   -0.604355   -0.030999    0.335839   -0.575294    0.338096
    0.301785    0.760506   -0.937911   -0.095736   -0.572568   -0.730558
    0.143596   -0.693451   -0.543763   -0.190215   -0.555278    0.152305
   -0.978901    0.310924    0.684207    0.542206   -0.428562   -0.352915
    0.108624    0.495517    0.404428   -0.906817   -0.907412   -0.996753
    0.336551   -0.266036   -0.831446    0.003489    0.494070    0.033167
   -0.404430    0.735859    0.321171    0.011609   -0.343156    0.592025
    0.569857    0.137607   -0.243167    0.492305    0.305213    0.641953
    0.219219   -0.099201    0.515726    0.457678    0.522596   -0.648139
    0.956164   -0.820379   -0.379401    0.110727    0.166761   -0.357054
    0.602857   -0.963389   -0.834044    0.184138   -0.653008    0.514323
    0.324981    0.572225   -0.450183   -0.216278   -0.598055    0.836293
   -0.601646   -0.644538   -0.987707    0.443230   -0.359020   -0.419849
   -0.396519   -0.586199    0.551226    0.978112    0.892775   -0.107523
    0.372588   -0.659307    0.105808    0.074761   -0.217785    0.864930
    0.949421   -0.272357   -0.515123    0.760637    0.212231   -0.021738
    0.099928   -0.320401   -0.560027   -0.834297   -0.815802   -0.139132
    0.627160   -0.580955   -0.970568    0.905324   -0.065605    0.651397
    0.467664   -0.736266    0.567145   -0.830790    0.047552    0.230720
   -0.006959    0.584275    0.855229    0.196120   -0.528791   -0.619620
   -0.750670   -0.840149    0.590384   -0.335719   -0.902956   -0.255104
   -0.937816   -0.588854   -0.161982    0.243956    0.874174    0.508687
    0.672366   -0.433257   -0.357591    0.212438    0.185788   -0.401344
    0.928552   -0.823763   -0.772876   -0.611720   -0.286445    0.465924
    0.527781   -0.810734    0.408339   -0.094084   -0.837253   -0.038841
   -0.715699   -0.429731   -0.690480   -0.392173    0.168513   -0.281607
   -0.967229    0.216504    0.785822    0.377171   -0.775793   -0.333082
   -0.933197   -0.072480   -0.018643   -0.701387    0.665851   -0.070016
    0.098061    0.617427   -0.970368   -0.130971    0.057527    0.865224
   -0.642120    0.116220   -0.086591    0.673225    0.594986    0.930665
    0.062589   -0.601772    0.702506    0.789427    0.822916   -0.055715
    0.780971    0.124909   -0.920779   -0.571012   -0.838617    0.983201
   -0.882873   -0.723205    0.671691   -0.233166    0.296449    0.783092
   -0.640989   -0.039543    0.313437   -0.697052    0.096883    0.055164
    0.673073   -0.956083   -0.814987   -0.114431   -0.454560    0.482222
   -0.855122    0.621075    0.687650    0.063148    0.997160   -0.222167
    0.151246   -0.935064    0.370677   -0.978664   -0.262826   -0.728617
    0.621542    0.513060   -0.583127   -0.516300   -0.314468   -0.423357
   -0.108789    0.995159    0.594371    0.171241    0.373952   -0.280830
    0.851880   -0.570836    0.765743   -0.718641   -0.804067   -0.377619
   -0.149741   -0.318591    0.070466    0.541708    0.703085    0.523417
   -0.253228    0.333191   -0.470644    0.611618   -0.265627   -0.387887
    0.577510   -0.415064   -0.123253    0.496047    0.508587   -0.405292
    0.150465   -0.861379    0.551228   -0.542227    0.393700    0.742895
   -0.076372   -0.235438   -0.789963   -0.780590   -0.968888   -0.407042
   -0.441252   -0.599556    0.036714   -0.098543   -0.491055   -0.726844
    0.720463   -0.712633    0.633041   -0.714004   -0.705845    0.992699
    0.029647   -0.825780   -0.225176   -0.517894    0.301425   -0.532096
   -0.987595    0.331603   -0.786550   -0.924175   -0.447851    0.829109
    0.897988    0.364287   -0.661867   -0.530203   -0.197087    0.127444
   -0.800157   -0.527073   -0.188183   -0.089410    0.204849    0.800723
    0.736309    0.924695   -0.327265   -0.848785    0.234532   -0.613918
    0.752269    0.542639   -0.182094   -0.645666    0.565127    0.028721
    0.180130   -0.362846    0.068122   -0.240656   -0.546215    0.752106
    0.977947   -0.527099   -0.671824   -0.846449   -0.518951    0.784549
    0.602600   -0.971945   -0.101997    0.886542    0.107415   -0.604280
   -0.119900    0.222079   -0.843213    0.525762    0.405929   -0.330260
    0.202173   -0.283851    0.001304    0.466300   -0.194781    0.729462
    0.032390   -0.653930    0.369796    0.370789    0.179302    0.025992
    0.711199   -0.442118    0.758437    0.403554    0.060074    0.792587
    0.129174   -0.152523   -0.272226    0.623129   -0.841605    0.040885
   -0.383992    0.078499   -0.157569   -0.370808   -0.146678    0.643692
    0.002706   -0.411767    0.792954    0.659530   -0.183544   -0.416313
    0.039579   -0.049435    0.240909   -0.625877    0.159978    0.136799
   -0.149090    0.798580   -0.171807    0.263270    0.291875   -0.223734
   -0.760843    0.530734    0.708025    0.811781   -0.092962   -0.902843
   -0.580328    0.975742   -0.535970    0.855036    0.822595    0.227065
    0.926060    0.675833    0.444624   -0.593770    0.378750    0.729830
    0.738133    0.200132    0.425927   -0.737368   -0.574964    0.785233
   -0.462042    0.564394   -0.910770    0.729633   -0.030358   -0.176685
    0.826180   -0.881538    0.189732   -0.502606   -0.231009    0.281680
    0.650191   -0.217900    0.572357   -0.851602   -0.254004   -0.804715
    0.785986   -0.472536   -0.399750    0.955284   -0.098112    0.482888
    0.370671    0.491829   -0.293016    0.562787    0.254211    0.347490
    0.824182   -0.369863    0.055471    0.138966   -0.967269   -0.515764
    0.383692    0.465014   -0.821150    0.234887   -0.189201    0.752622
    0.263429    0.020231   -0.769744   -0.254361   -0.472124    0.030616
    0.630899    0.219365   -0.573644    0.815822    0.277477    0.242033
   -0.666353    0.190824    0.099034   -0.685344   -0.643198    0.124653
    0.718467    0.649764    0.874876    0.639409    0.834186    0.914316
   -0.912626    0.182961   -0.520035   -0.682617   -0.831189    0.765748
    0.858595   -0.800470    0.365731    0.758345    0.785227   -0.791509
   -0.398679    0.626797   -0.950935   -0.548233   -0.542710   -0.547934
    0.044964    0.220106   -0.621892   -0.066671    0.916795    0.037214
   -0.881946   -0.971710    0.335468    0.026168    0.778984   -0.090284
   -0.106955   -0.021349    0.867470   -0.168228   -0.360426   -0.340462
    0.445324    0.294398   -0.687527    0.876739   -0.068147   -0.715005
    0.311944   -0.577399    0.062791   -0.711096    0.919071   -0.190975
   -0.749875   -0.698869   -0.108185    0.142344   -0.667813   -0.604476
    0.007197    0.963383    0.953217   -0.793794   -0.196636   -0.289872
    0.492371   -0.562656    0.249732   -0.305001   -0.343315    0.258112
   -0.116464   -0.057270   -0.751335    0.032640   -0.707304    0.650146
    0.299412   -0.563425    0.906569    0.252161   -0.562936    0.438476
    0.060225   -0.084799    0.304656   -0.079825    0.110698   -0.799692
    0.312280   -0.937617    0.468334    0.023741    0.402034   -0.634310
   -0.412532    0.907723   -0.667193    0.076650   -0.895225   -0.846583
    0.528213   -0.593875    0.936191   -0.754689    0.972647   -0.199508
   -0.405576    0.781500    0.198481   -0.721505   -0.745485    0.592200
   -0.256564   -0.765387   -0.137723   -0.513270   -0.922080    0.802776
    0.082872    0.507584    0.880989   -0.408378   -0.130373    0.630230
   -0.814399   -0.901844   -0.162429    0.561601    0.693497   -0.710836
   -0.814458   -0.618152   -0.303217    0.831215   -0.221525   -0.389797
   -0.676766   -0.389895   -0.922550    0.826104   -0.316687    0.967741
   -0.953624   -0.124230   -0.199296    0.597982   -0.231880   -0.785833
   -0.370856   -0.475158    0.079276    0.811798    0.328570   -0.817842
    0.726966    0.894090   -0.925189   -0.210522    0.802949    0.109923
   -0.790998    0.645360   -0.004388    0.536052   -0.081640    0.976735
   -0.693691    0.842820   -0.091950   -0.085745    0.383550   -0.082142
   -0.130874   -0.344601    0.861547   -0.429887    0.174928    0.304990
    0.167931   -0.926398   -0.113412    0.386493   -0.575946    0.122301
   -0.003158   -0.125735   -0.336270   -0.828298    0.371408   -0.351171
    0.451921    0.590255    0.907481   -0.885709   -0.271931   -0.862071
    0.827430    0.690664   -0.297613    0.671696   -0.523320   -0.699882
   -0.856513    0.641948    0.632265   -0.941055   -0.827344    0.941692
    0.356571    0.259153   -0.957805   -0.168015   -0.245964    0.440632
    0.078868    0.016499   -0.469277   -0.171661   -0.196727    0.936142
   -0.463388    0.835003   -0.216682    0.525962   -0.071128    0.611856
    0.566450    0.284424   -0.358004   -0.893626   -0.687932    0.441371
   -0.852942    0.468920   -0.165127    0.014910   -0.630557   -0.447002
    0.888619    0.989457   -0.680912   -0.961496   -0.760826    0.961546
    0.365357   -0.028189   -0.047251   -0.205182   -0.330362   -0.924053
   -0.657303    0.880301    0.235017    0.203637    0.994104   -0.450497
   -0.998011   -0.577717    0.544602   -0.894086    0.884620    0.774302
   -0.152188   -0.117056    0.067875   -0.977290   -0.696394   -0.629638
   -0.285631   -0.271323    0.713117    0.388035   -0.360594   -0.473302
    0.787253   -0.917344   -0.721758    0.087961   -0.222192    0.635014
    0.443871   -0.588652   -0.611628   -0.582187   -0.813081   -0.894079
    0.255230   -0.136241   -0.998628   -0.730737    0.296374   -0.818575
    0.652999    0.427603   -0.686273    0.526414   -0.332118   -0.338414
   -0.067655    0.720937    0.324997   -0.581218    0.971876   -0.633617
   -0.293178    0.550319   -0.426492   -0.905773   -0.433824   -0.001522
   -0.612337    0.768042    0.818751    0.304686   -0.153427    0.407786
   -0.707434    0.164363    0.154988    0.899109   -0.512151    0.400271
    0.497285    0.006483    0.989712    0.979668    0.682131   -0.412876
    0.348551   -0.388424   -0.890100    0.185523   -0.524870    0.992275
   -0.769772   -0.832389    0.277046   -0.712304    0.623581   -0.043483
   -0.549017    0.648729   -0.936796    0.663070    0.228611   -0.016381
   -0.508080    0.772357   -0.358456   -0.328414   -0.098545    0.674064
   -0.440248    0.970540   -0.768137    0.207456    0.032804   -0.903965
    0.506311    0.701826   -0.653201   -0.045519    0.975962    0.589642
   -0.363819    0.326936    0.943934    0.463337    0.917649   -0.713644
   -0.865491    0.426202   -0.138690   -0.721737    0.268454   -0.465308
    0.527928    0.239438   -0.669333   -0.391632   -0.049801    0.430969
    0.508237   -0.798559   -0.845815    0.894663   -0.772847    0.575093
   -0.653044   -0.978228    0.022168    0.277704    0.583275   -0.309418
   -0.676087   -0.047436    0.082870   -0.339862   -0.813641   -0.662300
    0.875135    0.450194    0.593883    0.345338   -0.519688    0.126818
   -0.062369    0.316776    0.964755   -0.313774   -0.138369    0.927656
   -0.785250    0.563849    0.252910   -0.079273    0.576689   -0.388909
    0.785463    0.804042   -0.286514    0.065168   -0.975775    0.795570
   -0.262870   -0.553257    0.667199    0.900636   -0.814532    0.595068
    0.805913   -0.131471    0.374233   -0.434684    0.232209    0.521022
    0.369250    0.053730    0.061614    0.014054    0.952008    0.997249
   -0.246943    0.588287    0.254102   -0.747061    0.987682   -0.318141
   -0.901624   -0.649920   -0.193906    0.989921    0.487756    0.590851
   -0.650905    0.155297    0.950769    0.253508   -0.131793   -0.361265
   -0.591118   -0.926640    0.701544   -0.437805    0.625427   -0.451323
   -0.525226   -0.126023   -0.521393   -0.141601   -0.310432    0.025761
   -0.528571   -0.730543    0.478906   -0.309976   -0.658183   -0.800140
    0.049927    0.005741    0.786075    0.565230   -0.291359   -0.307223
   -0.373704   -0.292801    0.283964    0.847531   -0.605844    0.468844
   -0.245721    0.543071   -0.274269    0.515120    0.496534   -0.028689
    0.180843   -0.576812   -0.936101   -0.553242   -0.868769   -0.323099
   -0.481411   -0.580844    0.281331    0.663221   -0.522312    0.066160
   -0.925528   -0.417495   -0.221114   -0.171036    0.943363    0.923239
    0.084100   -0.805189   -0.878572   -0.999494    0.114491    0.213297
   -0.940444   -0.089505    0.276514   -0.621780    0.736121    0.669534
    0.134785   -0.372576   -0.675209   -0.553549   -0.876486    0.662756
   -0.406576   -0.621729    0.891724   -0.200451   -0.499660    0.375785
   -0.386015    0.552556    0.685772    0.735452   -0.109733    0.951775
   -0.030237   -0.237157   -0.365781   -0.958034   -0.121102    0.529474
    0.632660    0.468710    0.730455   -0.949178   -0.953560   -0.733097
   -0.519115   -0.391264    0.730196   -0.709421   -0.789549    0.664194
   -0.163933   -0.071777   -0.850676    0.377594    0.510217    0.437460
    0.091793    0.297043   -0.743731    0.299921   -0.803134   -0.263886
    0.009201    0.224681   -0.627496   -0.953900   -0.886998   -0.504578
   -0.030533    0.262633   -0.179117    0.055860    0.721222    0.310059
   -0.214210    0.175396    0.662744   -0.642676    0.440610   -0.807359
    0.838397   -0.743757    0.836995   -0.361493    0.288945    0.236238
   -0.448585   -0.789495   -0.180625   -0.693173   -0.621913    0.695830
   -0.295801    0.751425   -0.192220    0.854918   -0.482060   -0.843610
   -0.921485    0.734270   -0.917492   -0.111793    0.577089    0.966708
    0.498951    0.029930   -0.450629   -0.530726    0.974654    0.026763
    0.584990   -0.943400   -0.841990   -0.655536   -0.955292    0.409545
   -0.830749   -0.805886   -0.331298    0.442942    0.259798    0.427833
    0.323486   -0.851923   -0.433637   -0.180996   -0.693825   -0.701717
    0.902833   -0.927276   -0.906705    0.078323    0.259316   -0.367129
   -0.010102   -0.137260    0.397146   -0.480388   -0.445471   -0.125249
    0.967973   -0.554340    0.883157    0.015639   -0.450784   -0.345908
   -0.061907   -0.786408    0.794878    0.836812   -0.821342   -0.932925
    0.450390    0.664694    0.701240   -0.208377   -0.303936    0.819365
    0.468547    0.323863   -0.564767   -0.760760    0.096955    0.570790
   -0.941149   -0.384321   -0.339452   -0.902561    0.457546    0.577236
    0.697588   -0.016581    0.069429   -0.304905   -0.737264    0.568009
   -0.434876   -0.538945    0.485730    0.487041    0.125062    0.810753
    0.069802    0.761234   -0.371110    0.268895   -0.490872    0.793723
    0.886002   -0.948952    0.874395    0.307921    0.243538    0.110028
   -0.854301    0.008964   -0.957105    0.329024    0.776083    0.562545
    0.239439   -0.369038   -0.173114    0.359046    0.221358   -0.764705
    0.403879   -0.850323   -0.997057    0.220800    0.827709   -0.419363
   -0.072384    0.206054    0.827322    0.004659   -0.619574   -0.729435
   -0.664919   -0.194904   -0.885349    0.772653    0.082663   -0.673441
    0.860383    0.213607    0.728756    0.549684   -0.967801    0.303403
    0.137376    0.350450    0.508764    0.583767   -0.110750   -0.826501
    0.279332   -0.865722   -0.970553   -0.891794   -0.925921    0.335460
    0.510446    0.150523   -0.416471    0.463714    0.090164    0.919785
   -0.591367    0.464627   -0.757126   -0.742924   -0.268602   -0.260071
   -0.293049    0.848693   -0.085256    0.465477    0.457752    0.184172
   -0.194038   -0.970675   -0.977318   -0.046315    0.451727    0.078219
    0.942446    0.190308   -0.676491   -0.318316   -0.173292    0.244246
   -0.608618   -0.732554    0.034723   -0.498454   -0.385474    0.957898
    0.078088   -0.590336   -0.827792    0.669526   -0.057714   -0.598025
   -0.998031   -0.690677   -0.482988    0.126328    0.941672   -0.914391
   -0.551443    0.086555    0.423633   -0.869421   -0.472813    0.647301
   -0.730057    0.756272   -0.664433   -0.661895    0.652975    0.501374
    0.404947   -0.865029   -0.420088   -0.287781   -0.768254    0.545633
   -0.246974   -0.049675   -0.000899   -0.415047    0.349078    0.646243
   -0.809013   -0.044804    0.146928   -0.103149   -0.894308   -0.394703
   -0.695794   -0.672136    0.391050   -0.219952   -0.089006    0.430662
   -0.819053   -0.448505   -0.621625   -0.912069   -0.700238    0.762964
    0.780683   -0.974160   -0.741963    0.779356   -0.546203   -0.957036
   -0.143847   -0.727857    0.452856   -0.983062    0.776980    0.939972
    0.256543   -0.102163   -0.769644   -0.694822   -0.158671    0.978492
   -0.116886   -0.831253    0.348449    0.093025   -0.274998    0.244998
    0.634908    0.391427    0.470385   -0.802649   -0.461522    0.795874
    0.865040   -0.337271    0.410192    0.020897    0.921956   -0.996477
    0.642713   -0.380179    0.575914    0.597108   -0.605970    0.770029
    0.749179    0.651117   -0.572235    0.007859   -0.773171   -0.531041
    0.375815   -0.444761   -0.964732    0.962600    0.784829    0.528195
   -0.972466    0.197771   -0.079860   -0.055735   -0.597685    0.097775
   -0.832907    0.193585    0.688641   -0.599125   -0.333415   -0.138985
    0.067373   -0.331127   -0.292722   -0.920641   -0.377220   -0.983104
   -0.446169    0.635979    0.944989    0.966729    0.709827   -0.140985
   -0.311360    0.061629   -0.359445    0.329382   -0.654778    0.585825
   -0.788297   -0.882570    0.024714    0.560530    0.073468   -0.532906
    0.510268    0.971569    0.510341   -0.699802    0.198745    0.222489
    0.281716    0.718681    0.273396    0.874415    0.292695    0.516757
    0.303099   -0.318372    0.509081    0.154474    0.435761    0.824853
   -0.087751   -0.457288    0.685277   -0.257972    0.534165   -0.299487
    0.900712    0.640954    0.415766   -0.209513   -0.245670   -0.481138
    0.727291   -0.321528   -0.189602    0.336148   -0.865079    0.296053
    0.528213   -0.411962   -0.424827    0.056007    0.087081    0.515751
   -0.968409   -0.949781    0.372625    0.888097    0.685727   -0.515194
   -0.823197    0.976899   -0.321684   -0.913099    0.798547   -0.414153
   -0.384428    0.869304    0.138590    0.999098    0.568813    0.072215
    0.113086   -0.019818   -0.451264    0.845018   -0.058350    0.579861
   -0.568321   -0.354962    0.805968    0.455198    0.642584    0.810194
   -0.086700    0.394420    0.411874   -0.653769    0.749264   -0.219397
   -0.291873   -0.832201   -0.576665    0.672768    0.642083   -0.621147
    0.365516    0.620981   -0.352970   -0.298859    0.135032    0.867606
    0.056036    0.627001   -0.956301   -0.316982    0.697227    0.690298
   -0.770123   -0.965449    0.115384    0.050922   -0.822920    0.267746
    0.731156    0.973700    0.914434    0.433467   -0.286454    0.049845
   -0.256599    0.028790   -0.773115   -0.007563   -0.748841    0.345424
    0.754317   -0.896313    0.728900   -0.314835   -0.757759    0.532904
    0.522907   -0.713233    0.925832    0.831389   -0.009955   -0.841382
   -0.920097   -0.471642    0.020228   -0.858301    0.216509   -0.778134
    0.509581    0.172629    0.051846   -0.411551   -0.235019    0.498607
    0.046655    0.381721   -0.263336   -0.686205    0.771450   -0.597666
   -0.052675    0.690874    0.437084   -0.939319    0.744065    0.920102
    0.099458    0.241851   -0.881365    0.256275    0.872632   -0.939796
   -0.863826   -0.327378    0.818958   -0.344766    0.634858    0.404969
    0.657659   -0.833121    0.787895    0.686250    0.328576   -0.895667
   -0.346014    0.859656    0.664529    0.073930   -0.781850    0.449806
    0.547974    0.611641   -0.119794    0.767513   -0.772637    0.744043
    0.215234    0.701129    0.360194   -0.893739   -0.034504    0.274134
    0.009902   -0.808812   -0.287800    0.173737    0.139459   -0.219338
    0.233443   -0.720165   -0.956013    0.703813   -0.287837   -0.665166
    0.459208    0.000011    0.283881    0.474605   -0.997358    0.703701
   -0.409946   -0.466059    0.124302   -0.371857    0.489098   -0.682746
   -0.815656    0.742274   -0.888455   -0.090480    0.910386    0.184457
    0.599524    0.959831   -0.493682    0.789523   -0.614251   -0.149817
   -0.465702   -0.094204    0.612215    0.146011   -0.080770    0.160107
   -0.915096    0.107456    0.555109   -0.129621    0.821469   -0.525943
    0.127702   -0.631604    0.590007   -0.704962    0.029678    0.923309
   -0.210917    0.781539   -0.061526   -0.504116    0.786894   -0.957224
   -0.052442    0.557592   -0.392169   -0.777871    0.362573    0.841004
    0.594010   -0.054240   -0.287096    0.006897    0.801539    0.658499
   -0.244800    0.916482   -0.020966    0.174136   -0.396528    0.162680
   -0.849744   -0.487671   -0.957712   -0.014511    0.387661   -0.610660
    0.181154    0.404976    0.746648   -0.184656    0.920392    0.301626
   -0.817635   -0.250682   -0.365391   -0.288388   -0.276556    0.681873
    0.113860   -0.747564   -0.312639   -0.202753   -0.114116    0.735106
   -0.180767   -0.035470   -0.968401    0.965401   -0.387850    0.240835
   -0.801095    0.771374   -0.425866   -0.962718    0.022120    0.459877
   -0.011251   -0.311201    0.296785   -0.518387   -0.183134    0.385841
   -0.726966   -0.542978   -0.308681   -0.359697   -0.527834    0.245416
   -0.329688   -0.945486   -0.473703   -0.843286    0.364193    0.243062
   -0.766729   -0.718202    0.808168   -0.416630    0.597097   -0.761019
    0.016079   -0.342133   -0.439606   -0.442676   -0.189457   -0.494538
    0.408088    0.939382    0.034931   -0.534731    0.984356    0.844280
   -0.298802    0.985918    0.748251    0.568875   -0.040649    0.163811
    0.627313   -0.429958    0.897395    0.021208   -0.044585    0.503602
    0.041704    0.420558    0.612888   -0.675894   -0.303911    0.066709
   -0.960890   -0.557339    0.851653   -0.527402    0.067139    0.611050
   -0.738974    0.594025    0.009099    0.036392   -0.668455    0.661769
   -0.162638   -0.691786   -0.530210    0.991734   -0.322631   -0.476019
   -0.374693    0.876788    0.935767   -0.702470    0.186890    0.439398
   -0.557444    0.517978    0.874431   -0.678075    0.017060   -0.749843
    0.105358   -0.025583    0.200952   -0.048966    0.922995    0.276118
    0.088098   -0.891764   -0.349461   -0.524325    0.441940    0.475707
   -0.045472    0.707815    0.971004   -0.393059    0.375294    0.422238
   -0.105560   -0.780943   -0.009819    0.288174   -0.583926    0.935579
    0.972340   -0.252168    0.199717    0.485673   -0.866420    0.093215
   -0.345362   -0.209504    0.223126    0.680731   -0.504623    0.448969
   -0.465338   -0.600156   -0.368228    0.829480    0.533939   -0.811837
    0.656398   -0.868547   -0.738269    0.710942    0.089316   -0.942709
    0.004210   -0.669614    0.256042   -0.022215    0.559936    0.897671
   -0.194460   -0.813602    0.670957   -0.730258   -0.704003   -0.745018
    0.671386   -0.039230    0.518218   -0.882943   -0.476832    0.171830
   -0.393996   -0.547360    0.656572    0.605329   -0.909105    0.599467
   -0.550047   -0.812036   -0.305818   -0.865879   -0.560323   -0.297209
   -0.145412   -0.082079    0.516379   -0.112501    0.574971   -0.779237
   -0.434919    0.528081   -0.212880   -0.373890    0.207329    0.792055
   -0.903429   -0.081472    0.942686    0.328153    0.845482   -0.265539
    0.611906    0.543614    0.005112    0.485861    0.835361   -0.804723
    0.876576    0.207697   -0.971380   -0.296456    0.118436   -0.279775
    0.697402   -0.235617   -0.889256    0.160791    0.518452   -0.678811
   -0.256178   -0.990390    0.909916   -0.034420   -0.937164   -0.428865
   -0.766424   -0.529942    0.467741   -0.568054   -0.355188   -0.946767
    0.029044   -0.273481    0.712812   -0.701374   -0.902364   -0.245721
    0.525113   -0.185848   -0.658778   -0.696230   -0.638111   -0.711382
    0.620832   -0.075636    0.218090    0.828876   -0.153904   -0.513335
    0.727551   -0.087577    0.677477   -0.041163    0.619173    0.153645
    0.220319   -0.312059    0.293255   -0.402720    0.064827    0.887502
    0.642839   -0.958711   -0.613770   -0.984711    0.958150   -0.675336
    0.646601   -0.897074    0.204803   -0.547199    0.583474    0.716918
   -0.955231    0.816274   -0.086404    0.623339    0.580453   -0.518381
    0.991255    0.680998   -0.168606   -0.860979    0.099070   -0.166025
   -0.695115   -0.127065    0.641901    0.372065   -0.078210   -0.109050
   -0.376397    0.296744    0.239333    0.180872    0.892024   -0.906213
    0.586394    0.111612    0.238948    0.287413   -0.142068    0.174570
    0.497149    0.444437   -0.678551   -0.024104    0.135128    0.367827
   -0.145263    0.282926    0.725906    0.945439   -0.372448    0.219050
    0.888342   -0.355656    0.585941   -0.400257    0.736141    0.161296
   -0.312107    0.182789    0.369393   -0.919069    0.330668    0.571439
   -0.935921    0.845246   -0.918901   -0.356091    0.187213    0.419047
    0.726091   -0.225521    0.451417    0.879439    0.370599    0.277253
    0.167411    0.598330   -0.391390    0.711789   -0.476199    0.041550
   -0.838918    0.549322    0.630650   -0.886960    0.898728    0.932965
   -0.034901    0.254683   -0.323559   -0.030810   -0.515697    0.670517
   -0.030354   -0.641774   -0.883316    0.368043   -0.461808    0.949506
   -0.124954   -0.134368   -0.740197   -0.370294    0.589815    0.710291
    0.215579   -0.234236   -0.584552   -0.938123    0.465547   -0.852497
   -0.039035    0.931507    0.827820    0.883773   -0.742134   -0.439315
   -0.796854    0.163395   -0.341298    0.613044    0.762928   -0.420511
    0.413006   -0.619549   -0.611514    0.842756    0.970962   -0.872594
    0.784858   -0.292914   -0.900715    0.348571    0.379803   -0.887145
    0.252477    0.796335   -0.968146    0.616522    0.969590   -0.296205
   -0.774709   -0.300178    0.663084   -0.867862    0.973230   -0.768610
   -0.912816   -0.326889    0.747950   -0.916249    0.620881   -0.681471
    0.733335    0.150945   -0.340921   -0.278882    0.159049    0.340629
   -0.108686   -0.615855   -0.937811   -0.740941    0.575072   -0.684087
    0.262512   -0.473391    0.450130    0.248382    0.478878   -0.261296
    0.631339    0.550958   -0.620340    0.456196    0.923830    0.894191
   -0.822721   -0.001712   -0.205151   -0.702503    0.340068    0.811631
   -0.123917    0.873902   -0.273053   -0.827262   -0.958972   -0.880794
    0.966894   -0.266687   -0.057377    0.413029    0.455903   -0.923941
    0.474519    0.997021   -0.359558   -0.351466   -0.296372    0.050701
   -0.146236   -0.253980   -0.965063   -0.232491    0.759307    0.029402
    0.440540    0.099984   -0.250202    0.706201    0.185194   -0.872194
   -0.512010    0.868582   -0.774539   -0.646591   -0.897132   -0.831690
   -0.054926   -0.948755   -0.748485    0.907656   -0.005967   -0.008337
   -0.328123   -0.147273   -0.285088    0.843096   -0.007150   -0.346459
   -0.281936   -0.568320   -0.052330    0.053017    0.659738   -0.888362
   -0.195272   -0.810933   -0.965880   -0.511591   -0.349282    0.324324
   -0.232230   -0.363161   -0.913296   -0.708639    0.785643   -0.004980
   -0.419517    0.311610   -0.042448    0.132670    0.744593    0.120705
    0.842957   -0.353088    0.727753   -0.925121    0.785948   -0.272455
    0.231741   -0.720953   -0.623719    0.398988   -0.704880   -0.043610
   -0.385558    0.943685    0.784113    0.314030    0.879627    0.811332
   -0.397464   -0.000851    0.342165   -0.614689    0.290335    0.286284
    0.218770   -0.526443    0.975507   -0.887982    0.315206    0.803515
    0.352432    0.231577    0.297345   -0.166852    0.971621    0.530595
   -0.041145   -0.483455   -0.389219   -0.880195    0.689957    0.440088
    0.254532    0.554682    0.146535    0.496758   -0.266762   -0.522479
    0.238551   -0.289729    0.212508    0.282120   -0.210961   -0.770393
    0.444541   -0.425724   -0.250566   -0.306495    0.792519    0.703269
   -0.203859    0.229848    0.693105   -0.204708    0.744099   -0.891466
    0.375632    0.197200    0.305651   -0.793938    0.590113    0.023362
    0.793835   -0.295977   -0.665839   -0.082448    0.555911    0.975431
    0.592102   -0.121743   -0.947244    0.047818   -0.749958   -0.681694
    0.240032    0.912994   -0.325346    0.260148   -0.787173   -0.557609
   -0.395995   -0.787074   -0.606909   -0.159815    0.462547   -0.062782
    0.591534   -0.319581   -0.442472   -0.815070   -0.510555   -0.896081
   -0.335221   -0.836672    0.791199   -0.701573   -0.313393   -0.798692
   -0.518224    0.643150    0.982284    0.235829   -0.397551   -0.499277
   -0.619378    0.826436   -0.505471   -0.542974    0.038230    0.692859
   -0.463183   -0.725357   -0.466729    0.498810    0.085829    0.621098
    0.438617    0.128411    0.709814    0.941268   -0.813856   -0.249736
    0.533161    0.291672   -0.568998    0.517146    0.266230   -0.861683
   -0.784618    0.265639   -0.836201    0.520529    0.292880   -0.813426
    0.762298   -0.392588   -0.074271    0.744710   -0.372313   -0.431201
    0.866317   -0.323328    0.398432   -0.569081    0.215351   -0.132470
   -0.089195   -0.057175   -0.708552    0.573627   -0.756013    0.049722
    0.435370    0.575218    0.871157    0.849046   -0.484949   -0.097212
    0.617183   -0.007273    0.128408    0.027912    0.048501   -0.220824
   -0.995396    0.779287    0.179155    0.042869   -0.230218   -0.745395
    0.632066   -0.995544   -0.241801    0.835045    0.804204   -0.103968
    0.314803   -0.660594   -0.418193    0.092369   -0.543065    0.370358
   -0.545766    0.840570    0.322342   -0.294994    0.287911   -0.424817
    0.062011   -0.540126   -0.901515   -0.163540    0.947571    0.222461
   -0.896902   -0.828855    0.887448   -0.206369   -0.581690   -0.172154
   -0.521424   -0.075283    0.451119    0.264197    0.602397    0.714509
    0.430113   -0.758994   -0.135654    0.512626   -0.140443   -0.445186
   -0.495650    0.545708    0.533869   -0.729239    0.909729    0.025679
   -0.436787    0.193115    0.828505   -0.078806    0.745111   -0.884217
    0.180207    0.077968    0.933988    0.802799   -0.798632    0.646331
    0.731166   -0.703263    0.061729   -0.790295    0.997636   -0.966695
    0.017910    0.816703   -0.369885   -0.474171    0.750270    0.630786
   -0.763819   -0.839163    0.544401   -0.139805    0.332368    0.227428
    0.397762   -0.927423    0.043247   -0.227323   -0.042508   -0.591821
   -0.634506    0.852662   -0.964236   -0.002894    0.235828   -0.553549
   -0.388913   -0.543969    0.970617    0.650480    0.530522    0.358556
   -0.030283   -0.648699   -0.136355   -0.789897   -0.020271   -0.650741
   -0.911087   -0.651328    0.219896    0.786164   -0.472014    0.591090
    0.197990   -0.216685   -0.801749   -0.989800    0.830550    0.150246
    0.958926    0.239091   -0.757641    0.343840   -0.910295    0.741554
   -0.232441    0.257883    0.319842    0.674680    0.589747   -0.527900
    0.102394    0.270509    0.162278   -0.457477    0.678970    0.522293
    0.411996    0.701203    0.400785    0.363980    0.708282    0.335501
   -0.678156    0.318744   -0.658141   -0.179948   -0.379899    0.256343
    0.396239   -0.479307   -0.276312    0.452480   -0.755520    0.783063
    0.688618    0.754450    0.480441   -0.112093    0.155796   -0.921402
   -0.627620    0.011809   -0.487927    0.138167    0.664241   -0.096968
    0.221649    0.585873    0.760447   -0.351837    0.756038    0.841220
   -0.328376    0.520885    0.040002   -0.977785    0.010894    0.402863
   -0.946613    0.673067    0.461189   -0.784719   -0.613844    0.147337
   -0.488569    0.985799   -0.298415    0.142557   -0.203079   -0.198919
   -0.799272   -0.045970   -0.380146   -0.569982   -0.844090   -0.119454
   -0.571792   -0.065582    0.429486    0.800491    0.543546    0.401888
    0.394879    0.671287    0.431123   -0.074775   -0.573911    0.938984
   -0.096031    0.651215   -0.186257    0.132923    0.022649   -0.849270
   -0.524886    0.349744    0.104033    0.711121   -0.120600    0.397745
    0.023228   -0.078053    0.687246    0.867035    0.664954    0.538642
   -0.649006   -0.812993    0.823870   -0.968261   -0.286129   -0.980673
    0.888807    0.251732    0.576926   -0.895138    0.570213    0.790128
   -0.801427    0.787250   -0.312147    0.760797    0.483537   -0.052113
   -0.928077   -0.303706
